1 0.151562 0.168750 0.040625 0.051389
3 0.191797 0.143750 0.046094 0.059722
1 0.256641 0.294444 0.083594 0.111111
3 0.598047 0.077083 0.036719 0.037500
3 0.189062 0.152778 0.046875 0.044444
3 0.701172 0.097222 0.046094 0.050000
1 0.158984 0.074306 0.022656 0.031944
3 0.110937 0.237500 0.078125 0.147222
1 1.000391 0.881944 -0.002344 0.150000
3 0.405078 0.101389 0.077344 0.066667
1 0.537891 0.181250 0.075781 0.051389
3 0.559766 0.237500 0.113281 0.097222
1 0.898047 0.550000 0.149219 0.161111
1 0.058984 0.203472 0.033594 0.065278
2 0.269141 0.081250 0.063281 0.070833
