3 0.763672 0.100694 0.036719 0.045833
1 0.626172 0.093750 0.042969 0.045833
3 0.255859 0.195139 0.080469 0.073611
1 0.573047 0.083333 0.044531 0.044444
1 0.077344 0.055556 0.012500 0.022222
1 0.844922 0.159028 0.028906 0.043056
1 0.901172 0.165972 0.027344 0.043056
3 0.191016 0.313889 0.202344 0.205556
1 0.126562 0.154861 0.034375 0.043056
1 0.052734 0.092361 0.019531 0.023611
3 0.684766 0.068056 0.039844 0.052778
1 0.846484 0.054861 0.017969 0.020833
1 0.828516 0.040278 0.019531 0.025000
3 0.191406 0.313194 0.204687 0.206944
1 0.013672 0.062500 0.024219 0.027778
