1 0.151562 0.170139 0.037500 0.045833
3 0.142187 0.072917 0.021875 0.031944
3 0.598047 0.078472 0.038281 0.040278
3 0.701953 0.096528 0.047656 0.051389
1 0.148438 0.125000 0.029687 0.036111
1 0.525000 0.350694 0.137500 0.120833
1 0.176172 0.059722 0.021094 0.030556
1 0.659766 0.075694 0.038281 0.045833
1 0.082422 0.125694 0.021094 0.037500
1 0.913672 0.918750 0.171094 0.159722
1 0.182422 0.252778 0.061719 0.080556
1 0.710547 0.071528 0.032031 0.031944
3 0.408203 0.090972 0.083594 0.073611
3 0.444922 0.159028 0.141406 0.140278
3 0.621094 0.206944 0.115625 0.111111
