0 0.548047 0.091667 0.013281 0.044444
1 0.233203 0.117361 0.046094 0.045833
3 0.588281 0.101389 0.009375 0.044444
1 0.321484 0.087500 0.046094 0.036111
1 0.643359 0.088889 0.041406 0.041667
1 0.173828 0.380556 0.130469 0.102778
3 0.101172 0.077083 0.032031 0.034722
3 0.147266 0.063889 0.035156 0.050000
3 0.935547 0.126389 0.019531 0.036111
3 0.146484 0.063194 0.038281 0.051389
1 0.751953 0.052083 0.024219 0.031944
1 0.501953 0.214583 0.096094 0.070833
1 0.009375 0.098611 0.018750 0.041667
0 0.609766 0.104861 0.010156 0.045833
1 0.838672 0.520139 0.157031 0.159722
