1 0.270313 0.300000 0.089063 0.116667
3 0.150781 0.211806 0.054688 0.076389
2 0.065625 0.306250 0.109375 0.226389
1 0.146094 0.163889 0.039062 0.041667
1 0.487500 0.615972 0.207813 0.279167
1 0.068750 0.206250 0.037500 0.048611
3 0.059375 0.140972 0.025000 0.037500
1 0.759766 0.050000 0.027344 0.030556
1 0.088672 0.163194 0.035156 0.054167
3 0.510156 0.202778 0.118750 0.102778
1 0.034375 0.168056 0.026562 0.041667
1 0.009375 0.144444 0.018750 0.033333
3 0.612109 0.205556 0.114844 0.100000
3 0.612109 0.206944 0.114844 0.097222
3 0.539453 0.150000 0.080469 0.063889
