3 0.500000 0.249306 0.070312 0.118056
1 0.823047 0.078472 0.021094 0.029167
1 0.619922 0.120139 0.055469 0.065278
1 0.374219 0.068750 0.054688 0.037500
1 0.275781 0.068056 0.040625 0.038889
1 0.016797 0.224306 0.033594 0.065278
1 0.055469 0.196528 0.032813 0.051389
0 0.938672 0.260417 0.011719 0.045833
1 0.082812 0.159028 0.034375 0.048611
1 0.278906 0.213889 0.085938 0.075000
0 0.925391 0.245139 0.010156 0.045833
1 0.054688 0.144444 0.023438 0.030556
3 0.633594 0.298611 0.068750 0.130556
3 0.045703 0.315972 0.091406 0.118056
3 0.499609 0.248611 0.069531 0.119444
1 0.283203 0.301389 0.121094 0.122222
