3 0.649609 0.149306 0.061719 0.070833
1 0.754687 0.084722 0.031250 0.036111
1 0.294141 0.173611 0.082031 0.080556
3 0.498437 0.108333 0.084375 0.058333
1 0.101562 0.177778 0.034375 0.050000
1 0.076172 0.063194 0.013281 0.018056
1 0.896484 0.120139 0.019531 0.031944
1 0.718359 0.093056 0.036719 0.038889
3 0.823828 0.132639 0.030469 0.040278
1 0.830859 0.182639 0.036719 0.048611
1 0.811328 0.056944 0.019531 0.025000
1 0.770703 0.061806 0.024219 0.026389
1 0.308594 0.073611 0.048438 0.033333
3 0.370312 0.180556 0.107813 0.091667
1 0.851172 0.075694 0.017969 0.026389
3 0.627344 0.229167 0.096875 0.094444
3 0.491797 0.420139 0.164844 0.162500
