0 0.760156 0.159722 0.015625 0.050000
1 0.187109 0.057639 0.021094 0.023611
1 0.237891 0.083333 0.044531 0.047222
1 0.187500 0.499306 0.121875 0.223611
1 0.021094 0.158333 0.023438 0.038889
1 0.108203 0.177083 0.039844 0.051389
1 0.693359 0.075694 0.035156 0.037500
1 0.964844 0.613889 0.068750 0.122222
0 0.682422 0.132639 0.010156 0.040278
1 0.896484 0.365278 0.100781 0.091667
3 0.286719 0.132639 0.053125 0.048611
0 0.003906 0.239583 0.007812 0.059722
1 0.182031 0.101389 0.028125 0.030556
3 0.303516 0.297222 0.133594 0.194444
1 0.473828 0.202778 0.086719 0.069444
