1 0.660156 0.158333 0.048438 0.058333
1 0.183594 0.061111 0.025000 0.027778
1 0.134766 0.057639 0.019531 0.020833
1 0.016016 0.222222 0.032031 0.066667
1 0.053125 0.195139 0.029687 0.051389
1 0.101562 0.170139 0.035937 0.054167
1 0.075391 0.162500 0.025781 0.038889
3 0.612109 0.107639 0.066406 0.090278
1 0.256250 0.227778 0.065625 0.083333
1 0.012500 0.146528 0.017188 0.029167
1 0.189453 0.389583 0.111719 0.126389
1 0.925391 0.303472 0.088281 0.090278
1 0.030078 0.445833 0.060156 0.094444
0 0.983984 0.191667 0.008594 0.044444
