3 0.658203 0.107639 0.058594 0.054167
1 0.518359 0.097917 0.063281 0.056944
0 0.427734 0.083333 0.010156 0.044444
1 0.821484 0.054861 0.021094 0.023611
0 0.381641 0.090972 0.010156 0.040278
1 0.710547 0.091667 0.035156 0.044444
1 0.672656 0.047222 0.031250 0.027778
3 0.043750 0.295139 0.087500 0.156944
3 0.910547 0.143750 0.035156 0.062500
0 0.412109 0.086806 0.008594 0.037500
1 0.583984 0.052778 0.044531 0.038889
3 0.909766 0.144444 0.035156 0.063889
3 0.830859 0.154861 0.042969 0.059722
1 0.015625 0.217361 0.031250 0.081944
1 0.529297 0.309028 0.102344 0.095833
1 0.850391 0.051389 0.016406 0.016667
1 0.006250 0.548611 0.012500 0.094444
