3 0.635938 0.119444 0.064062 0.061111
1 0.777734 0.061111 0.021094 0.027778
0 0.383203 0.052083 0.008594 0.029167
1 0.708984 0.089583 0.049219 0.043056
1 0.561719 0.057639 0.046875 0.034722
1 0.488281 0.063889 0.048438 0.041667
1 0.016797 0.225000 0.033594 0.066667
3 0.304297 0.200694 0.100781 0.090278
1 0.052734 0.193750 0.030469 0.051389
0 0.941016 0.258333 0.011719 0.044444
1 0.048438 0.129861 0.023438 0.040278
0 0.943359 0.231944 0.014844 0.077778
0 0.923047 0.243056 0.011719 0.058333
3 0.616016 0.089583 0.058594 0.056944
1 0.006641 0.105556 0.011719 0.019444
1 0.027344 0.121528 0.020313 0.029167
1 0.224609 0.352778 0.141406 0.141667
