0 0.561328 0.093750 0.008594 0.048611
3 0.606641 0.109028 0.007031 0.034722
1 0.453906 0.118750 0.065625 0.054167
1 0.643750 0.088194 0.043750 0.045833
1 0.477344 0.386111 0.159375 0.111111
3 0.199609 0.070833 0.047656 0.063889
3 0.198437 0.064583 0.046875 0.076389
3 0.921484 0.136806 0.024219 0.037500
3 0.306641 0.082639 0.055469 0.048611
3 0.366797 0.151389 0.092969 0.091667
3 0.198828 0.068750 0.047656 0.068056
1 0.788281 0.050694 0.020313 0.023611
1 0.947266 0.577778 0.103906 0.125000
1 0.835938 0.398611 0.120313 0.105556
