0 0.857422 0.211111 0.014844 0.055556
1 0.066797 0.204167 0.036719 0.063889
1 0.153125 0.297917 0.064062 0.090278
1 0.287891 0.134722 0.057031 0.052778
1 0.137109 0.198611 0.042969 0.055556
1 0.492578 0.134028 0.074219 0.054167
3 0.082422 0.351389 0.078906 0.136111
3 0.367578 0.509028 0.182031 0.212500
1 0.819141 0.056250 0.017969 0.020833
3 0.231641 0.088889 0.035156 0.036111
1 0.916797 0.388889 0.053906 0.072222
1 0.287891 0.133333 0.055469 0.052778
1 0.082422 0.161111 0.030469 0.044444
1 0.825000 0.387500 0.112500 0.100000
