3 0.663672 0.107639 0.052344 0.054167
1 0.684766 0.077083 0.028906 0.031944
0 0.364063 0.097917 0.009375 0.043056
0 0.293750 0.123611 0.014063 0.047222
1 0.919141 0.100000 0.016406 0.030556
0 0.319922 0.104861 0.011719 0.040278
3 0.143359 0.059028 0.022656 0.029167
3 0.891016 0.093056 0.021094 0.030556
1 0.755078 0.102778 0.046094 0.050000
3 0.402734 0.131250 0.088281 0.070833
1 0.716797 0.094444 0.030469 0.036111
3 0.814844 0.131250 0.039062 0.056944
1 0.697266 0.042361 0.028906 0.029167
3 0.581641 0.070139 0.063281 0.070833
3 0.125391 0.293750 0.122656 0.131944
1 0.835547 0.052778 0.017969 0.022222
1 0.217578 0.209722 0.085156 0.091667
1 0.006250 0.548611 0.012500 0.097222
