1 0.148438 0.166667 0.040625 0.050000
3 0.188672 0.143750 0.050781 0.056944
1 0.450391 0.065278 0.053906 0.033333
3 0.600000 0.074306 0.039062 0.037500
3 0.333203 0.139583 0.066406 0.070833
3 0.703516 0.095833 0.047656 0.047222
1 0.075000 0.059028 0.015625 0.026389
1 0.191016 0.065278 0.035156 0.047222
1 0.667578 0.415972 0.149219 0.137500
1 0.520703 0.645833 0.217969 0.286111
2 0.123438 0.052778 0.034375 0.058333
1 0.716406 0.071528 0.034375 0.034722
1 0.336719 0.138194 0.068750 0.076389
1 0.598828 0.175694 0.080469 0.059722
1 0.336719 0.139583 0.067187 0.073611
