1 0.105469 0.181944 0.037500 0.055556
1 0.691016 0.123611 0.052344 0.063889
3 0.078906 0.161806 0.032813 0.054167
2 0.019141 0.200694 0.038281 0.123611
3 0.051562 0.348611 0.103125 0.133333
1 0.916797 0.109722 0.016406 0.030556
3 0.588672 0.095139 0.063281 0.068056
3 0.487109 0.108333 0.078906 0.061111
1 0.880859 0.130556 0.022656 0.036111
3 0.123438 0.256944 0.110937 0.094444
1 0.027344 0.524306 0.054688 0.098611
1 0.737891 0.177083 0.050781 0.062500
1 0.381641 0.175000 0.083594 0.069444
3 0.846484 0.120139 0.024219 0.029167
