1 0.884766 0.112500 0.022656 0.030556
1 0.911328 0.113889 0.019531 0.030556
1 0.695703 0.121528 0.052344 0.062500
1 0.945703 0.109028 0.014844 0.026389
3 0.078125 0.160417 0.029687 0.048611
2 0.103125 0.249306 0.206250 0.234722
2 0.017969 0.186111 0.035937 0.094444
3 0.544141 0.090278 0.063281 0.055556
1 0.480078 0.140972 0.067969 0.059722
1 0.814063 0.186806 0.042188 0.056944
1 0.378125 0.018750 0.059375 0.034722
3 0.780078 0.059722 0.027344 0.030556
3 0.683984 0.061806 0.042969 0.037500
1 0.606250 0.336806 0.100000 0.112500
3 0.544531 0.090278 0.064062 0.055556
3 0.479687 0.334028 0.121875 0.106944
