0 0.758203 0.159028 0.013281 0.054167
1 0.183984 0.055556 0.021094 0.025000
1 0.226953 0.081944 0.044531 0.047222
1 0.229297 0.559722 0.141406 0.261111
1 0.022656 0.159722 0.025000 0.038889
1 0.115625 0.184028 0.042188 0.054167
1 0.689453 0.076389 0.036719 0.038889
1 0.964453 0.613194 0.069531 0.120833
0 0.678125 0.136111 0.010937 0.033333
1 0.865234 0.336806 0.116406 0.090278
3 0.929297 0.417361 0.138281 0.198611
3 0.049609 0.182639 0.038281 0.068056
1 0.174219 0.100000 0.028125 0.033333
3 0.342578 0.326389 0.150781 0.216667
1 0.447266 0.192361 0.082031 0.068056
3 0.883984 0.309028 0.086719 0.051389
