1 0.735156 0.543056 0.139063 0.222222
1 0.234375 0.113194 0.039062 0.045833
1 0.123438 0.065278 0.029687 0.030556
1 0.016016 0.220139 0.032031 0.081944
1 0.053906 0.196528 0.031250 0.048611
1 0.102344 0.170139 0.035937 0.054167
1 0.076953 0.163194 0.021094 0.034722
3 0.490234 0.226389 0.071094 0.166667
1 0.863672 0.191667 0.038281 0.061111
1 0.258984 0.190278 0.046094 0.066667
1 0.056250 0.146528 0.023438 0.031944
1 0.368359 0.168056 0.039844 0.069444
1 0.234375 0.114583 0.043750 0.048611
1 0.368359 0.168750 0.039844 0.068056
