1 0.325000 0.213889 0.085938 0.066667
3 0.598828 0.079861 0.039844 0.043056
3 0.701172 0.097222 0.047656 0.052778
1 0.249609 0.161806 0.057031 0.059722
1 0.094922 0.131944 0.035156 0.044444
1 0.660156 0.077083 0.040625 0.048611
1 0.076563 0.077083 0.021875 0.026389
1 0.705078 0.069444 0.041406 0.033333
1 0.537891 0.059028 0.049219 0.040278
1 0.245312 0.068750 0.031250 0.037500
1 0.145313 0.071528 0.020313 0.026389
1 0.097656 0.406250 0.121875 0.109722
3 0.520703 0.171528 0.107031 0.076389
1 0.162109 0.130556 0.036719 0.052778
