1 0.151172 0.170833 0.036719 0.044444
3 0.865234 0.409722 0.132031 0.122222
1 0.118750 0.063194 0.023438 0.029167
3 0.311719 0.084028 0.056250 0.048611
3 0.030469 0.120833 0.020313 0.033333
3 0.598047 0.078472 0.036719 0.040278
3 0.153906 0.062500 0.023438 0.027778
3 0.258594 0.118056 0.045312 0.055556
3 0.191406 0.151389 0.042188 0.041667
3 0.990625 0.806944 0.017188 0.269444
1 0.114844 0.275000 0.054688 0.077778
1 0.046094 0.187500 0.029687 0.050000
3 0.711719 0.093056 0.039062 0.050000
1 0.502734 0.168056 0.071094 0.066667
1 0.710547 0.220139 0.110156 0.093056
1 0.008203 0.129861 0.016406 0.059722
3 0.008984 0.129167 0.017969 0.061111
1 0.065625 0.152778 0.029687 0.038889
1 0.773047 0.050000 0.019531 0.019444
