3 0.651953 0.111806 0.053906 0.059722
1 0.785547 0.056944 0.021094 0.036111
0 0.416016 0.043750 0.011719 0.045833
1 0.705078 0.093056 0.046094 0.044444
1 0.601172 0.055556 0.041406 0.033333
1 0.538672 0.061111 0.050781 0.038889
1 0.017188 0.224306 0.034375 0.068056
0 0.373047 0.065972 0.011719 0.043056
3 0.919141 0.078472 0.013281 0.023611
3 0.678906 0.076389 0.042188 0.041667
1 0.046875 0.186111 0.031250 0.047222
0 0.939453 0.224306 0.011719 0.048611
1 0.123828 0.292361 0.102344 0.123611
1 0.006641 0.104167 0.013281 0.022222
1 0.026953 0.118056 0.019531 0.033333
1 0.855078 0.052083 0.013281 0.015278
3 0.523047 0.118056 0.074219 0.066667
