3 0.691797 0.088889 0.036719 0.052778
1 0.503516 0.131250 0.061719 0.056944
1 0.019531 0.329167 0.039062 0.091667
1 0.783203 0.068750 0.028906 0.048611
1 0.810547 0.058333 0.022656 0.025000
0 0.174219 0.178472 0.010937 0.054167
1 0.889453 0.127778 0.022656 0.036111
0 0.947266 0.609722 0.035156 0.108333
1 0.929297 0.129167 0.019531 0.033333
3 0.855859 0.146528 0.036719 0.056944
1 0.058203 0.345833 0.094531 0.122222
1 0.823047 0.136111 0.032031 0.041667
0 0.094922 0.206944 0.014844 0.047222
0 0.897266 0.725694 0.039844 0.120833
1 0.264844 0.191667 0.082812 0.072222
0 0.164453 0.174306 0.010156 0.056944
1 0.476953 0.327778 0.110156 0.111111
1 0.653516 0.071528 0.038281 0.031944
0 0.897266 0.818750 0.042969 0.140278
3 0.721875 0.395833 0.100000 0.138889
1 0.117578 0.750694 0.222656 0.265278
