1 0.150781 0.170139 0.037500 0.045833
3 0.191016 0.142361 0.047656 0.065278
3 0.598047 0.077778 0.036719 0.041667
3 0.701172 0.096528 0.046094 0.051389
1 0.146484 0.125694 0.027344 0.040278
1 0.595703 0.381250 0.142969 0.123611
1 0.421094 0.071528 0.048438 0.037500
1 0.307422 0.083333 0.044531 0.044444
1 0.659766 0.072222 0.038281 0.050000
1 0.484766 0.129167 0.050781 0.052778
3 0.158984 0.081250 0.049219 0.062500
1 0.084766 0.126389 0.028906 0.038889
1 0.062891 0.200000 0.036719 0.055556
1 0.052734 0.268056 0.052344 0.105556
1 0.709766 0.071528 0.032031 0.034722
3 0.821484 0.380556 0.138281 0.133333
1 0.191406 0.069444 0.020313 0.027778
