3 0.663281 0.108333 0.053125 0.052778
1 0.639453 0.067361 0.042969 0.040278
0 0.408203 0.088194 0.010156 0.043056
0 0.391797 0.090972 0.010156 0.040278
1 0.837891 0.050694 0.017969 0.023611
0 0.361328 0.093750 0.010156 0.040278
3 0.889453 0.095139 0.022656 0.031944
3 0.012891 0.330556 0.025781 0.080556
1 0.713672 0.089583 0.030469 0.045833
3 0.016406 0.325694 0.032813 0.081944
1 0.013281 0.213194 0.026562 0.065278
0 0.391016 0.090972 0.011719 0.040278
1 0.608984 0.050000 0.039844 0.038889
3 0.869141 0.184722 0.055469 0.102778
3 0.710156 0.222222 0.082812 0.097222
3 0.223828 0.245139 0.100781 0.093056
3 0.291797 0.600000 0.225781 0.244444
1 0.005859 0.547917 0.011719 0.098611
