3 0.652734 0.111806 0.053906 0.059722
1 0.796094 0.055556 0.023438 0.030556
1 0.703516 0.096528 0.036719 0.037500
1 0.606641 0.054861 0.041406 0.031944
1 0.544922 0.059722 0.050781 0.038889
1 0.016797 0.224306 0.033594 0.065278
0 0.374219 0.065278 0.012500 0.038889
0 0.923047 0.244444 0.011719 0.050000
3 0.705078 0.070139 0.038281 0.037500
1 0.044141 0.184028 0.028906 0.045833
1 0.235156 0.229861 0.095312 0.106944
1 0.004297 0.103472 0.008594 0.018056
1 0.025781 0.118750 0.020313 0.026389
1 0.191406 0.381250 0.148438 0.148611
