1 0.148438 0.166667 0.040625 0.050000
3 0.189844 0.143750 0.048438 0.056944
3 0.076172 0.122222 0.028906 0.036111
3 0.600391 0.073611 0.038281 0.038889
3 0.189062 0.140972 0.048438 0.062500
3 0.703125 0.095139 0.048438 0.051389
1 0.247656 0.068056 0.046875 0.047222
3 0.471484 0.558333 0.286719 0.436111
3 0.271484 0.118750 0.057031 0.065278
1 0.745313 0.456944 0.153125 0.141667
1 0.188281 0.338889 0.085938 0.127778
2 0.160938 0.060417 0.035937 0.059722
1 0.491016 0.064583 0.044531 0.034722
1 0.544141 0.230556 0.105469 0.086111
