3 0.841406 0.929861 0.107813 0.134722
1 0.724609 0.117361 0.039844 0.045833
1 0.221875 0.070833 0.029687 0.030556
1 0.169531 0.061111 0.025000 0.030556
1 0.017188 0.224306 0.034375 0.065278
1 0.056250 0.197222 0.032813 0.052778
0 0.938672 0.257639 0.010156 0.051389
1 0.102344 0.170833 0.035937 0.050000
0 0.924609 0.243750 0.010156 0.054167
1 0.073828 0.160417 0.025781 0.040278
3 0.663281 0.093750 0.059375 0.076389
1 0.169922 0.325000 0.103906 0.108333
1 0.045312 0.524306 0.090625 0.151389
1 0.359375 0.143750 0.050000 0.073611
