1 0.645703 0.173611 0.047656 0.063889
1 0.174219 0.059722 0.023438 0.027778
1 0.128125 0.057639 0.018750 0.020833
1 0.016406 0.221528 0.032813 0.068056
1 0.053906 0.195833 0.031250 0.050000
0 0.974609 0.191667 0.010156 0.044444
1 0.101953 0.170833 0.035156 0.050000
1 0.075781 0.163194 0.025000 0.040278
3 0.598047 0.113889 0.071094 0.094444
1 0.268359 0.210417 0.057031 0.079167
1 0.014844 0.147917 0.018750 0.031944
1 0.940234 0.115972 0.016406 0.029167
1 0.225000 0.358333 0.104688 0.116667
1 0.907422 0.290972 0.085156 0.087500
1 0.049609 0.425000 0.099219 0.119444
0 0.983984 0.190972 0.008594 0.045833
1 0.267969 0.091667 0.046875 0.044444
