1 0.151172 0.168056 0.039844 0.050000
3 0.093359 0.079167 0.019531 0.030556
3 0.598437 0.079167 0.037500 0.041667
3 0.701172 0.097222 0.046094 0.050000
1 0.151172 0.125694 0.025781 0.034722
1 0.267969 0.302083 0.115625 0.093056
1 0.660547 0.072917 0.036719 0.045833
1 0.080859 0.126389 0.021094 0.038889
1 0.710547 0.072222 0.030469 0.036111
3 0.177344 0.081250 0.050000 0.065278
1 0.801172 0.495139 0.157031 0.143056
1 0.841797 0.054167 0.016406 0.022222
1 0.525000 0.149306 0.071875 0.056944
1 0.423438 0.070833 0.053125 0.038889
1 0.065234 0.070833 0.014844 0.027778
