1 0.149219 0.164583 0.032813 0.045833
3 0.382031 0.362500 0.120313 0.138889
1 0.762891 0.075000 0.036719 0.052778
1 0.391797 0.556250 0.164844 0.206944
1 0.101172 0.253472 0.049219 0.073611
3 0.122266 0.068750 0.024219 0.031944
1 0.041016 0.175000 0.033594 0.055556
3 0.233984 0.086111 0.044531 0.050000
3 0.167969 0.131944 0.039062 0.052778
3 0.092578 0.159722 0.041406 0.077778
1 0.025391 0.239583 0.035156 0.068056
1 0.011328 0.147222 0.021094 0.033333
1 0.014063 0.493056 0.028125 0.155556
3 0.368359 0.118056 0.092969 0.069444
