3 0.666016 0.105556 0.053906 0.055556
0 0.348438 0.100694 0.010937 0.037500
0 0.335547 0.107639 0.011719 0.043056
1 0.908984 0.111806 0.017969 0.029167
0 0.308594 0.108333 0.010937 0.041667
3 0.170313 0.060417 0.026562 0.031944
3 0.873828 0.101389 0.024219 0.033333
3 0.010547 0.339583 0.021094 0.079167
1 0.766797 0.097917 0.041406 0.045833
3 0.504297 0.099306 0.069531 0.056944
1 0.720313 0.091667 0.034375 0.036111
3 0.758594 0.161806 0.054688 0.073611
3 0.638672 0.058333 0.052344 0.063889
3 0.328516 0.193056 0.111719 0.091667
1 0.931641 0.098611 0.013281 0.019444
1 0.844141 0.053472 0.014844 0.018056
1 0.006250 0.548611 0.012500 0.097222
