1 0.931641 0.770833 0.133594 0.175000
1 0.193750 0.057639 0.021875 0.029167
1 0.255859 0.100694 0.033594 0.031944
1 0.263281 0.084722 0.046875 0.038889
1 0.125781 0.406250 0.087500 0.168056
1 0.019141 0.152778 0.024219 0.038889
3 0.967578 0.615278 0.061719 0.097222
1 0.095312 0.165972 0.035937 0.048611
1 0.701172 0.075000 0.035156 0.036111
1 0.966797 0.616667 0.064844 0.102778
1 0.977344 0.845139 0.043750 0.129167
1 0.200391 0.111111 0.033594 0.041667
3 0.236328 0.252083 0.100781 0.159722
1 0.537500 0.232639 0.095312 0.076389
