3 0.641797 0.117361 0.063281 0.059722
1 0.787109 0.060417 0.022656 0.023611
0 0.388672 0.051389 0.007031 0.030556
1 0.709766 0.088889 0.052344 0.044444
1 0.567578 0.057639 0.046094 0.034722
1 0.494141 0.063194 0.053906 0.040278
1 0.016797 0.225000 0.033594 0.069444
3 0.361719 0.176389 0.096875 0.086111
1 0.052344 0.193750 0.031250 0.051389
0 0.941016 0.260417 0.011719 0.043056
1 0.047266 0.129861 0.022656 0.037500
0 0.944141 0.221528 0.013281 0.056944
0 0.923047 0.243056 0.010156 0.052778
1 0.005469 0.104861 0.010937 0.018056
1 0.026562 0.120139 0.020313 0.026389
1 0.223828 0.354861 0.139844 0.137500
3 0.008594 0.366667 0.017188 0.066667
