3 0.692187 0.099306 0.050000 0.054167
1 0.233594 0.241667 0.090625 0.086111
1 0.783984 0.069444 0.028906 0.050000
1 0.804297 0.059722 0.016406 0.025000
0 0.206250 0.165278 0.014063 0.050000
1 0.913281 0.109722 0.018750 0.027778
0 0.957422 0.563194 0.025781 0.123611
3 0.894922 0.120833 0.024219 0.041667
1 0.868359 0.109722 0.022656 0.033333
0 0.126953 0.190278 0.011719 0.047222
1 0.011328 0.336806 0.022656 0.065278
0 0.192578 0.165972 0.014844 0.051389
1 0.692578 0.199306 0.058594 0.070833
1 0.584375 0.084028 0.043750 0.040278
0 0.923047 0.687500 0.041406 0.180556
1 0.599609 0.104167 0.049219 0.044444
3 0.847266 0.234028 0.044531 0.073611
1 0.526172 0.415278 0.152344 0.138889
1 0.005469 0.549306 0.010937 0.087500
