3 0.662500 0.106250 0.048438 0.051389
1 0.715625 0.053472 0.026562 0.029167
0 0.386328 0.092361 0.010156 0.043056
0 0.315625 0.113889 0.010937 0.044444
0 0.340625 0.096528 0.010937 0.034722
1 0.743359 0.105556 0.047656 0.052778
3 0.200000 0.215278 0.109375 0.100000
1 0.714453 0.091667 0.028906 0.041667
1 0.649609 0.045139 0.038281 0.034722
3 0.454297 0.104167 0.091406 0.094444
1 0.817578 0.055556 0.019531 0.022222
1 0.016016 0.329167 0.032031 0.083333
3 0.793359 0.265278 0.088281 0.138889
1 0.008594 0.201389 0.017188 0.058333
3 0.748047 0.326389 0.058594 0.094444
0 0.369922 0.095833 0.008594 0.036111
3 0.772266 0.288889 0.121094 0.180556
1 0.006250 0.548611 0.012500 0.097222
