0 0.768359 0.165278 0.016406 0.050000
1 0.197656 0.058333 0.021875 0.025000
1 0.267578 0.102083 0.042969 0.034722
1 0.287891 0.081944 0.035156 0.036111
1 0.102344 0.368056 0.073438 0.144444
1 0.017188 0.151389 0.023438 0.036111
3 0.968359 0.620139 0.061719 0.106944
1 0.089063 0.161111 0.032813 0.047222
1 0.705078 0.073611 0.033594 0.036111
0 0.691406 0.139583 0.009375 0.029167
1 0.968359 0.625000 0.061719 0.111111
1 0.843750 0.732639 0.193750 0.234722
1 0.212500 0.112500 0.040625 0.038889
3 0.208984 0.235417 0.091406 0.145833
1 0.577344 0.250694 0.103125 0.079167
