3 0.663672 0.107639 0.052344 0.056944
1 0.776172 0.073611 0.035156 0.041667
0 0.377344 0.095833 0.007812 0.044444
0 0.305078 0.113889 0.010156 0.038889
0 0.358984 0.098611 0.010156 0.038889
0 0.330469 0.103472 0.009375 0.040278
1 0.748047 0.103472 0.044531 0.051389
3 0.299219 0.170139 0.100000 0.087500
1 0.713672 0.091667 0.025781 0.041667
1 0.670703 0.044444 0.033594 0.030556
3 0.522266 0.084722 0.075781 0.086111
1 0.826953 0.054167 0.017969 0.019444
1 0.093359 0.277083 0.097656 0.109722
3 0.695703 0.361806 0.144531 0.206944
1 0.006641 0.193750 0.013281 0.054167
3 0.601953 0.467361 0.094531 0.151389
1 0.670312 0.045139 0.032813 0.029167
1 0.005859 0.538889 0.011719 0.077778
