3 0.497266 0.107639 0.049219 0.051389
3 0.700391 0.095139 0.049219 0.059722
1 0.835547 0.055556 0.014844 0.019444
1 0.378125 0.018750 0.057813 0.034722
1 0.918359 0.112500 0.017969 0.027778
1 0.630078 0.074306 0.041406 0.037500
1 0.304688 0.075000 0.048438 0.033333
1 0.788281 0.072222 0.034375 0.041667
1 0.816797 0.059028 0.019531 0.020833
0 0.052344 0.229861 0.009375 0.045833
0 0.038281 0.252083 0.012500 0.054167
1 0.267188 0.613889 0.195312 0.208333
0 0.789844 0.943750 0.042188 0.109722
1 0.130078 0.915278 0.214844 0.166667
