1 0.101953 0.180556 0.036719 0.058333
1 0.684375 0.125694 0.053125 0.062500
1 0.690234 0.060417 0.035156 0.034722
3 0.076563 0.161111 0.032813 0.052778
2 0.017188 0.194444 0.034375 0.127778
1 0.934766 0.098611 0.013281 0.019444
3 0.393359 0.153472 0.103906 0.112500
3 0.330469 0.154167 0.087500 0.083333
1 0.910547 0.107639 0.017969 0.031944
1 0.034375 0.513889 0.068750 0.108333
1 0.829297 0.125694 0.030469 0.043056
1 0.077344 0.328472 0.103125 0.104167
3 0.605078 0.073611 0.055469 0.047222
3 0.544922 0.288194 0.133594 0.129167
3 0.882422 0.097917 0.019531 0.029167
