3 0.333984 0.087500 0.060156 0.047222
1 0.151562 0.170139 0.037500 0.045833
3 0.255469 0.105556 0.039062 0.041667
1 0.371094 0.502778 0.179688 0.244444
3 0.598047 0.077778 0.038281 0.041667
3 0.164062 0.061806 0.025000 0.031944
3 0.281641 0.125694 0.053906 0.056944
3 0.191016 0.150694 0.042969 0.045833
3 0.884766 0.736806 0.228906 0.404167
1 0.098047 0.254861 0.049219 0.073611
1 0.041406 0.181250 0.028125 0.045833
3 0.710938 0.096528 0.034375 0.043056
1 0.546484 0.184722 0.077344 0.072222
1 0.754687 0.245139 0.110937 0.098611
3 0.007422 0.127083 0.014844 0.059722
1 0.058203 0.148611 0.025781 0.033333
3 0.928516 0.452083 0.135156 0.134722
