3 0.666406 0.106250 0.054688 0.056944
1 0.339844 0.187500 0.087500 0.080556
1 0.783203 0.070833 0.032031 0.044444
0 0.279297 0.131250 0.010156 0.048611
0 0.202734 0.154861 0.010156 0.040278
0 0.262891 0.133333 0.013281 0.047222
1 0.883203 0.098611 0.017969 0.027778
1 0.074219 0.296528 0.092188 0.095833
1 0.864453 0.151389 0.032031 0.044444
1 0.770703 0.216667 0.050781 0.063889
3 0.423828 0.065278 0.066406 0.041667
3 0.632812 0.225000 0.100000 0.100000
3 0.540234 0.090972 0.066406 0.056944
1 0.783203 0.059028 0.036719 0.065278
1 0.390234 0.140278 0.074219 0.052778
0 0.249609 0.129861 0.013281 0.048611
3 0.710938 0.072917 0.032813 0.034722
1 0.005859 0.547917 0.011719 0.098611
