3 0.618359 0.123611 0.067969 0.069444
1 0.876953 0.056250 0.016406 0.020833
0 0.373047 0.052083 0.008594 0.029167
1 0.704297 0.093750 0.042969 0.045833
1 0.546484 0.060417 0.047656 0.040278
1 0.454297 0.065972 0.055469 0.040278
1 0.017578 0.224306 0.035156 0.070833
3 0.122266 0.295139 0.114844 0.118056
1 0.054297 0.195833 0.032031 0.052778
0 0.940234 0.254861 0.011719 0.051389
1 0.053125 0.142361 0.025000 0.031944
3 0.527734 0.113194 0.074219 0.073611
1 0.028125 0.122222 0.020313 0.030556
3 0.689453 0.124306 0.053906 0.062500
3 0.709375 0.056944 0.034375 0.033333
1 0.230078 0.348611 0.138281 0.136111
