3 0.646875 0.379167 0.096875 0.163889
1 0.619922 0.095139 0.058594 0.048611
1 0.102734 0.178472 0.033594 0.048611
1 0.932813 0.100000 0.014063 0.022222
1 0.626953 0.116667 0.053906 0.066667
1 0.817578 0.065972 0.021094 0.031944
1 0.637109 0.074306 0.035156 0.034722
1 0.733594 0.112500 0.040625 0.038889
1 0.831641 0.082639 0.022656 0.026389
3 0.889453 0.097917 0.022656 0.031944
3 0.646484 0.379167 0.099219 0.166667
1 0.181641 0.061111 0.024219 0.030556
0 0.265234 0.179167 0.013281 0.041667
3 0.231250 0.239583 0.107813 0.101389
1 0.011719 0.061111 0.021875 0.022222
