3 0.628516 0.548611 0.191406 0.233333
2 0.482031 0.718750 0.651563 0.545833
1 0.146094 0.167361 0.039062 0.051389
1 0.280469 0.426389 0.125000 0.133333
3 0.100391 0.173611 0.036719 0.052778
1 0.812891 0.067361 0.025781 0.031944
1 0.216797 0.261806 0.071094 0.098611
1 0.075781 0.216667 0.039062 0.063889
1 0.026953 0.167361 0.024219 0.040278
3 0.262891 0.093750 0.047656 0.048611
3 0.262891 0.095139 0.047656 0.051389
1 0.008984 0.136806 0.017969 0.040278
3 0.559375 0.156944 0.076563 0.058333
3 0.558203 0.231250 0.105469 0.090278
3 0.635547 0.214583 0.113281 0.106944
