1 0.148438 0.166667 0.039062 0.047222
3 0.189453 0.142361 0.049219 0.059722
3 0.077734 0.122222 0.032031 0.033333
3 0.600391 0.073611 0.039844 0.041667
3 0.188672 0.140972 0.046094 0.059722
3 0.703125 0.095139 0.046875 0.048611
3 0.404687 0.500000 0.253125 0.386111
3 0.289844 0.127083 0.060937 0.068056
1 0.757422 0.463194 0.152344 0.143056
1 0.166797 0.319444 0.077344 0.119444
2 0.167969 0.065972 0.035937 0.054167
1 0.495703 0.064583 0.049219 0.034722
3 0.591797 0.173611 0.161719 0.158333
1 0.583984 0.248611 0.108594 0.094444
1 0.807422 0.279167 0.092969 0.077778
1 0.583203 0.250000 0.111719 0.094444
