3 0.894922 0.322222 0.100781 0.111111
1 0.146875 0.165278 0.037500 0.044444
3 0.440234 0.402778 0.136719 0.158333
1 0.759766 0.076389 0.035156 0.050000
1 0.465234 0.627083 0.189844 0.237500
1 0.113672 0.267361 0.053906 0.079167
3 0.116797 0.068056 0.021094 0.027778
3 0.163672 0.090278 0.030469 0.036111
1 0.044922 0.179861 0.033594 0.059722
3 0.221094 0.082639 0.040625 0.048611
3 0.646094 0.086806 0.087500 0.051389
3 0.169922 0.132639 0.039844 0.054167
3 0.099219 0.165972 0.045312 0.079167
1 0.032031 0.253472 0.037500 0.073611
1 0.012500 0.150000 0.021875 0.036111
1 0.846484 0.350694 0.105469 0.090278
3 0.344141 0.109722 0.085156 0.063889
