1 0.151172 0.170139 0.036719 0.045833
1 0.376563 0.017361 0.057813 0.034722
3 0.597266 0.077778 0.036719 0.041667
3 0.701172 0.097917 0.050781 0.051389
1 0.141016 0.123611 0.027344 0.036111
1 0.595313 0.381944 0.140625 0.122222
1 0.427734 0.071528 0.041406 0.034722
1 0.648828 0.193056 0.078906 0.069444
3 0.229687 0.097222 0.078125 0.086111
1 0.082031 0.125694 0.026562 0.037500
1 0.030469 0.164583 0.026562 0.045833
1 0.015234 0.203472 0.030469 0.070833
1 0.008594 0.106944 0.015625 0.027778
1 0.110547 0.081250 0.022656 0.029167
