1 0.151562 0.170139 0.039062 0.048611
3 0.395703 0.169444 0.080469 0.069444
1 0.094922 0.169444 0.035156 0.052778
3 0.185938 0.063194 0.029687 0.037500
3 0.598047 0.077778 0.036719 0.038889
3 0.193750 0.144444 0.043750 0.063889
1 0.839453 0.920833 0.130469 0.155556
1 0.192969 0.143056 0.043750 0.063889
1 0.178516 0.335417 0.075781 0.109722
3 0.703125 0.090972 0.048438 0.062500
1 0.247656 0.091667 0.032813 0.038889
1 0.384766 0.101389 0.067969 0.052778
3 0.037500 0.168750 0.046875 0.090278
1 0.248047 0.295139 0.082031 0.095833
3 0.480859 0.139583 0.108594 0.118056
3 0.637109 0.181250 0.111719 0.098611
