3 0.023438 0.302083 0.046875 0.134722
3 0.699609 0.097222 0.044531 0.044444
1 0.658203 0.086111 0.042969 0.038889
1 0.322656 0.166667 0.082812 0.080556
1 0.130469 0.061111 0.018750 0.022222
1 0.777734 0.066667 0.042969 0.055556
1 0.816797 0.056944 0.021094 0.022222
0 0.132812 0.193056 0.017188 0.058333
1 0.834766 0.170139 0.035156 0.051389
0 0.921484 0.692361 0.035156 0.137500
1 0.886328 0.179167 0.028906 0.052778
3 0.755078 0.219444 0.069531 0.094444
1 0.457422 0.145833 0.067969 0.066667
1 0.698438 0.203472 0.057813 0.065278
0 0.059375 0.229167 0.014063 0.050000
0 0.863672 0.845139 0.038281 0.109722
1 0.512891 0.105556 0.058594 0.047222
