1 0.425781 0.418750 0.126562 0.129167
0 0.894922 0.229167 0.013281 0.050000
1 0.132812 0.189583 0.042188 0.062500
1 0.034375 0.167361 0.026562 0.045833
1 0.133203 0.445833 0.092969 0.144444
1 0.340234 0.095833 0.049219 0.041667
1 0.066797 0.211111 0.038281 0.058333
1 0.550391 0.240278 0.100781 0.080556
1 0.077344 0.156944 0.031250 0.044444
1 0.791797 0.268056 0.100781 0.080556
3 0.019531 0.232639 0.039062 0.081944
3 0.125391 0.272917 0.066406 0.095833
1 0.004297 0.179167 0.008594 0.047222
1 0.855859 0.050000 0.011719 0.013889
1 0.993359 0.100000 0.011719 0.038889
