1 0.151172 0.169444 0.039844 0.047222
3 0.145313 0.073611 0.023438 0.033333
3 0.598047 0.078472 0.038281 0.040278
3 0.701953 0.096528 0.047656 0.051389
1 0.148438 0.125000 0.029687 0.036111
1 0.525781 0.350694 0.135937 0.118056
1 0.176953 0.060417 0.022656 0.031944
1 0.659766 0.075694 0.038281 0.045833
1 0.081641 0.125694 0.021094 0.037500
1 0.898828 0.906944 0.199219 0.183333
1 0.171875 0.244444 0.060937 0.080556
1 0.710547 0.071528 0.032031 0.031944
3 0.414062 0.093056 0.084375 0.075000
3 0.461328 0.163889 0.144531 0.144444
3 0.635547 0.214583 0.116406 0.112500
1 0.923047 0.575694 0.149219 0.154167
1 0.803125 0.050694 0.018750 0.015278
1 0.122266 0.085417 0.022656 0.026389
