3 0.669922 0.106250 0.057031 0.054167
1 0.458203 0.142361 0.074219 0.065278
0 0.266797 0.134722 0.008594 0.047222
0 0.190234 0.159028 0.011719 0.040278
0 0.251563 0.138194 0.012500 0.045833
1 0.866797 0.105556 0.021094 0.030556
1 0.206250 0.219444 0.085938 0.077778
1 0.018750 0.378472 0.037500 0.079167
3 0.930469 0.136111 0.017188 0.025000
1 0.842578 0.169444 0.036719 0.050000
1 0.715234 0.256944 0.067969 0.080556
0 0.240234 0.135417 0.007031 0.037500
3 0.490234 0.061111 0.058594 0.041667
3 0.519922 0.290278 0.136719 0.127778
3 0.591016 0.077778 0.055469 0.050000
1 0.784375 0.061111 0.034375 0.063889
1 0.476172 0.109722 0.053906 0.044444
1 0.006250 0.547917 0.012500 0.098611
