1 0.146094 0.164583 0.040625 0.048611
1 0.882031 0.950694 0.076563 0.095833
3 0.162500 0.214583 0.051562 0.070833
1 0.790625 0.066667 0.028125 0.044444
1 0.519531 0.491667 0.168750 0.205556
1 0.137109 0.289583 0.060156 0.087500
1 0.044922 0.190972 0.032031 0.051389
3 0.178125 0.075000 0.034375 0.038889
3 0.177734 0.075694 0.035156 0.040278
3 0.137891 0.084722 0.030469 0.041667
1 0.017969 0.149306 0.026562 0.043056
3 0.360938 0.102083 0.050000 0.045833
3 0.307031 0.133333 0.062500 0.058333
3 0.661719 0.073611 0.054688 0.052778
3 0.306641 0.133333 0.061719 0.058333
3 0.648047 0.219444 0.144531 0.113889
