1 0.147656 0.167361 0.040625 0.045833
3 0.189062 0.140972 0.046875 0.059722
1 0.766797 0.672917 0.199219 0.256944
3 0.599609 0.073611 0.039844 0.044444
3 0.153125 0.090972 0.026562 0.031944
3 0.188672 0.140278 0.047656 0.063889
3 0.702734 0.094444 0.047656 0.050000
1 0.116016 0.065972 0.017969 0.023611
1 0.291016 0.075694 0.053906 0.051389
3 0.268750 0.379861 0.175000 0.281944
3 0.342578 0.149306 0.074219 0.065278
1 0.793359 0.483333 0.153906 0.150000
1 0.122656 0.275000 0.062500 0.100000
2 0.189844 0.066667 0.040625 0.058333
1 0.520703 0.063889 0.044531 0.030556
3 0.715234 0.229861 0.175781 0.184722
1 0.007031 0.134028 0.014063 0.048611
1 0.708203 0.312500 0.122656 0.111111
1 0.883984 0.323611 0.092969 0.086111
1 0.708203 0.313194 0.124219 0.112500
