3 0.654297 0.109028 0.057031 0.059722
1 0.393359 0.136111 0.085156 0.075000
0 0.438672 0.078472 0.008594 0.043056
0 0.426563 0.081250 0.007812 0.034722
1 0.806641 0.055556 0.019531 0.025000
0 0.395703 0.085417 0.010156 0.034722
1 0.710547 0.089583 0.041406 0.048611
1 0.642188 0.051389 0.035937 0.030556
1 0.575000 0.056250 0.045312 0.037500
3 0.790234 0.215278 0.060156 0.080556
1 0.016406 0.219444 0.032813 0.069444
1 0.703125 0.201389 0.057813 0.066667
1 0.841016 0.051389 0.019531 0.022222
0 0.373047 0.095139 0.008594 0.034722
1 0.006641 0.547222 0.013281 0.100000
