1 0.820703 0.079861 0.022656 0.031944
1 0.613672 0.122222 0.057031 0.069444
1 0.366016 0.069444 0.055469 0.038889
1 0.270703 0.068056 0.039844 0.036111
1 0.016797 0.224306 0.033594 0.065278
1 0.055859 0.196528 0.032031 0.048611
0 0.938672 0.260417 0.010156 0.043056
1 0.084375 0.159028 0.032813 0.048611
1 0.245703 0.230556 0.086719 0.080556
0 0.925391 0.243056 0.011719 0.050000
1 0.055469 0.145139 0.025000 0.031944
3 0.639062 0.317361 0.078125 0.140278
3 0.497266 0.261806 0.069531 0.123611
3 0.725781 0.079861 0.043750 0.062500
1 0.639062 0.317361 0.078125 0.140278
