3 0.676953 0.104167 0.058594 0.055556
1 0.574609 0.098611 0.052344 0.055556
1 0.780078 0.066667 0.042969 0.050000
0 0.249219 0.143750 0.012500 0.048611
3 0.930859 0.097917 0.017969 0.026389
0 0.169531 0.165972 0.010937 0.045833
0 0.230859 0.146528 0.010156 0.045833
1 0.836328 0.120833 0.025781 0.036111
1 0.368359 0.150000 0.077344 0.058333
1 0.253906 0.232639 0.089063 0.081944
3 0.917578 0.150000 0.021094 0.038889
1 0.794531 0.209028 0.051562 0.062500
1 0.580859 0.359028 0.110156 0.112500
0 0.225781 0.144444 0.010937 0.041667
3 0.646484 0.064583 0.049219 0.043056
3 0.260547 0.460417 0.197656 0.195833
1 0.006641 0.547917 0.013281 0.095833
