3 0.653516 0.111806 0.057031 0.054167
0 0.430859 0.060417 0.010156 0.040278
1 0.796094 0.057639 0.025000 0.026389
0 0.444141 0.071528 0.007031 0.037500
3 0.376953 0.017361 0.058594 0.034722
1 0.705859 0.092361 0.039844 0.043056
1 0.621484 0.090278 0.050781 0.047222
1 0.626563 0.053472 0.037500 0.026389
0 0.426172 0.059722 0.010156 0.038889
1 0.573047 0.055556 0.046094 0.038889
3 0.941797 0.109028 0.019531 0.037500
1 0.017578 0.225000 0.035156 0.066667
1 0.692969 0.061806 0.031250 0.031944
0 0.401562 0.080556 0.010937 0.038889
1 0.005469 0.383333 0.010937 0.063889
0 0.931641 0.229167 0.010156 0.050000
3 0.781641 0.151389 0.041406 0.052778
3 0.833984 0.052778 0.019531 0.022222
2 0.376953 0.018750 0.057031 0.034722
1 0.075000 0.480556 0.150000 0.169444
