1 0.085156 0.075000 0.017188 0.025000
1 0.026953 0.241667 0.039844 0.072222
1 0.069531 0.212500 0.037500 0.058333
1 0.124219 0.185417 0.042188 0.059722
1 0.081250 0.163889 0.031250 0.041667
1 0.938672 0.098611 0.014844 0.025000
0 0.939453 0.254167 0.011719 0.052778
1 0.014453 0.147917 0.027344 0.037500
1 0.883203 0.138194 0.024219 0.040278
0 0.253906 0.045139 0.006250 0.026389
1 0.156641 0.088194 0.035156 0.043056
3 0.156250 0.088889 0.035937 0.044444
1 0.008203 0.206944 0.016406 0.047222
1 0.224219 0.075000 0.031250 0.030556
