3 0.637891 0.159028 0.058594 0.073611
1 0.753516 0.079167 0.030469 0.044444
1 0.094531 0.272917 0.087500 0.104167
3 0.348828 0.159028 0.105469 0.079167
1 0.101562 0.177778 0.034375 0.050000
1 0.057031 0.058333 0.014063 0.019444
1 0.914453 0.109722 0.017969 0.025000
1 0.713672 0.093056 0.039844 0.041667
3 0.858984 0.113889 0.024219 0.030556
1 0.874609 0.146528 0.027344 0.040278
1 0.798828 0.059722 0.021094 0.025000
1 0.236328 0.076389 0.032031 0.027778
3 0.140625 0.292361 0.126562 0.123611
1 0.830859 0.081250 0.022656 0.029167
3 0.755859 0.163194 0.053906 0.065278
1 0.096094 0.274306 0.090625 0.109722
1 0.383203 0.068750 0.058594 0.037500
