3 0.652734 0.111111 0.052344 0.055556
0 0.429297 0.055556 0.010156 0.030556
3 0.376563 0.018750 0.056250 0.034722
1 0.704297 0.096528 0.039844 0.040278
1 0.023828 0.359722 0.047656 0.097222
1 0.613672 0.055556 0.041406 0.033333
1 0.553516 0.057639 0.047656 0.034722
1 0.017188 0.225000 0.034375 0.069444
1 0.119531 0.268750 0.084375 0.084722
0 0.378906 0.070139 0.009375 0.034722
0 0.925781 0.248611 0.010937 0.041667
3 0.814453 0.051389 0.022656 0.033333
1 0.040625 0.180556 0.028125 0.047222
1 0.397266 0.161111 0.085156 0.083333
1 0.015625 0.110417 0.014063 0.023611
3 0.639062 0.085417 0.057813 0.045833
3 0.760938 0.071528 0.037500 0.054167
1 0.178516 0.391667 0.149219 0.150000
