0 0.855859 0.210417 0.013281 0.051389
1 0.068750 0.206250 0.035937 0.062500
1 0.817578 0.056944 0.016406 0.019444
1 0.159375 0.304167 0.067187 0.091667
1 0.283203 0.131944 0.055469 0.050000
1 0.140625 0.201389 0.043750 0.058333
1 0.481641 0.131250 0.071094 0.051389
3 0.088281 0.360417 0.081250 0.143056
3 0.390234 0.528472 0.192969 0.223611
1 0.817187 0.056944 0.018750 0.019444
3 0.226172 0.086806 0.035156 0.037500
1 0.908203 0.385417 0.064844 0.081944
1 0.283594 0.132639 0.054688 0.048611
1 0.084375 0.162500 0.031250 0.041667
1 0.809766 0.377778 0.111719 0.100000
