1 0.618750 0.261806 0.053125 0.098611
1 0.146484 0.058333 0.019531 0.022222
1 0.015625 0.218056 0.031250 0.083333
1 0.053516 0.196528 0.030469 0.048611
1 0.101953 0.170139 0.035156 0.054167
0 0.926953 0.251389 0.008594 0.041667
1 0.076953 0.165278 0.021094 0.036111
3 0.544922 0.144444 0.074219 0.116667
1 0.323047 0.258333 0.078906 0.094444
1 0.858984 0.236806 0.057031 0.079167
1 0.171484 0.302778 0.086719 0.088889
0 0.940234 0.257639 0.010156 0.048611
1 0.053516 0.144444 0.022656 0.030556
1 0.196875 0.077778 0.034375 0.038889
