1 0.150781 0.170833 0.039062 0.047222
3 0.619922 0.268750 0.119531 0.098611
1 0.184766 0.093750 0.035156 0.045833
3 0.242578 0.072917 0.039844 0.040278
3 0.598047 0.077778 0.036719 0.038889
3 0.192188 0.148611 0.046875 0.047222
1 0.248828 0.420139 0.111719 0.140278
1 0.192578 0.145833 0.046094 0.055556
1 0.078516 0.225694 0.039844 0.065278
3 0.707031 0.095833 0.043750 0.050000
1 0.365625 0.120833 0.043750 0.052778
1 0.543750 0.149306 0.092188 0.073611
1 0.016406 0.141667 0.032813 0.069444
3 0.017188 0.140972 0.034375 0.073611
1 0.110937 0.187500 0.042188 0.055556
1 0.075391 0.059028 0.016406 0.026389
3 0.745703 0.254167 0.146094 0.175000
3 0.864453 0.293750 0.105469 0.126389
