3 0.640625 0.156944 0.060937 0.072222
1 0.754297 0.077083 0.032031 0.048611
1 0.138281 0.247917 0.089063 0.106944
3 0.381641 0.145833 0.102344 0.077778
1 0.101562 0.177778 0.034375 0.050000
1 0.911328 0.110417 0.016406 0.026389
1 0.713672 0.092361 0.039844 0.043056
3 0.853516 0.116667 0.025781 0.030556
1 0.866797 0.151389 0.027344 0.038889
1 0.801953 0.059028 0.021094 0.023611
1 0.835547 0.080556 0.021094 0.025000
1 0.247266 0.076389 0.035156 0.027778
3 0.193359 0.264583 0.122656 0.118056
1 0.835156 0.079861 0.020313 0.026389
3 0.736328 0.172222 0.060156 0.069444
1 0.136719 0.247222 0.087500 0.105556
