3 0.658594 0.106250 0.057813 0.056944
1 0.498828 0.102778 0.066406 0.058333
0 0.430078 0.081944 0.008594 0.041667
1 0.818359 0.054167 0.019531 0.022222
0 0.384375 0.090278 0.010937 0.038889
1 0.711719 0.090278 0.037500 0.044444
0 0.414453 0.087500 0.011719 0.038889
1 0.581641 0.052778 0.046094 0.038889
3 0.837109 0.150694 0.038281 0.056944
3 0.710547 0.273611 0.089844 0.111111
1 0.015234 0.217361 0.030469 0.079167
1 0.572266 0.281944 0.092969 0.088889
1 0.847656 0.051389 0.015625 0.019444
0 0.362109 0.097222 0.010156 0.036111
0 0.944922 0.211111 0.013281 0.047222
1 0.005859 0.548611 0.011719 0.094444
