3 0.597656 0.080556 0.037500 0.041667
3 0.700391 0.096528 0.047656 0.056944
1 0.851172 0.115972 0.022656 0.031944
1 0.389453 0.226389 0.105469 0.080556
1 0.660937 0.078472 0.037500 0.043056
1 0.289062 0.070139 0.040625 0.037500
1 0.078516 0.055556 0.013281 0.022222
1 0.685937 0.166667 0.078125 0.066667
1 0.120703 0.152778 0.033594 0.044444
1 0.809766 0.056944 0.019531 0.025000
3 0.881641 0.101389 0.021094 0.030556
1 0.585547 0.222222 0.105469 0.088889
1 0.378516 0.020139 0.060156 0.034722
1 0.014063 0.064583 0.018750 0.020833
1 0.062891 0.116667 0.025781 0.030556
1 0.852734 0.054861 0.019531 0.020833
