3 0.621094 0.177083 0.057813 0.081944
1 0.751953 0.084028 0.028906 0.034722
3 0.200000 0.221528 0.117188 0.109722
1 0.101562 0.177778 0.034375 0.050000
1 0.705078 0.093750 0.041406 0.045833
3 0.880078 0.104167 0.022656 0.030556
1 0.896484 0.129167 0.021094 0.030556
1 0.786328 0.060417 0.021094 0.026389
1 0.812109 0.086111 0.025781 0.033333
1 0.198437 0.069444 0.029687 0.027778
1 0.873828 0.066667 0.014844 0.019444
3 0.811328 0.134028 0.039844 0.048611
3 0.774609 0.213194 0.060156 0.076389
3 0.620703 0.177083 0.058594 0.084722
