1 0.822266 0.132639 0.032031 0.040278
1 0.876172 0.138194 0.027344 0.045833
1 0.105469 0.181944 0.037500 0.058333
1 0.699609 0.118750 0.050781 0.062500
1 0.928516 0.130556 0.017969 0.027778
1 0.065234 0.340278 0.105469 0.111111
3 0.078516 0.161806 0.032031 0.051389
1 0.942969 0.111111 0.015625 0.030556
1 0.912109 0.111111 0.017969 0.030556
2 0.369531 0.122917 0.192188 0.156944
2 0.019141 0.200000 0.038281 0.125000
1 0.630859 0.094444 0.044531 0.038889
1 0.638672 0.326389 0.097656 0.102778
1 0.376953 0.019444 0.058594 0.036111
3 0.807031 0.056944 0.025000 0.025000
0 0.941797 0.259722 0.010156 0.041667
2 0.377344 0.018750 0.057813 0.034722
