3 0.190234 0.220139 0.094531 0.104167
3 0.700781 0.090278 0.048438 0.066667
1 0.783984 0.067361 0.030469 0.054167
1 0.458203 0.118750 0.067969 0.062500
1 0.164062 0.065278 0.021875 0.027778
1 0.783984 0.066667 0.030469 0.055556
1 0.816016 0.057639 0.022656 0.023611
0 0.111719 0.210417 0.017188 0.059722
1 0.773828 0.218750 0.052344 0.068056
0 0.896484 0.750694 0.042969 0.148611
1 0.830859 0.245139 0.041406 0.073611
3 0.092188 0.318750 0.123438 0.126389
3 0.622266 0.318750 0.128906 0.151389
1 0.578516 0.105556 0.052344 0.050000
1 0.547266 0.294444 0.100781 0.094444
0 0.038281 0.245833 0.014063 0.047222
0 0.823047 0.943056 0.047656 0.111111
1 0.596484 0.081944 0.036719 0.036111
