3 0.665234 0.106944 0.053906 0.055556
1 0.268359 0.218750 0.089844 0.087500
1 0.783594 0.069444 0.032813 0.044444
0 0.285547 0.127778 0.008594 0.047222
0 0.210547 0.151389 0.011719 0.044444
0 0.273047 0.131250 0.008594 0.043056
1 0.890234 0.095833 0.017969 0.025000
1 0.024219 0.329861 0.048438 0.081944
1 0.874609 0.143750 0.028906 0.040278
1 0.792578 0.200000 0.044531 0.058333
0 0.256250 0.131250 0.009375 0.040278
3 0.390625 0.065972 0.065625 0.043056
3 0.675391 0.202778 0.085156 0.094444
3 0.512891 0.100694 0.077344 0.059722
1 0.339844 0.162500 0.079687 0.063889
3 0.701172 0.074306 0.039844 0.034722
1 0.737891 0.086111 0.038281 0.041667
1 0.005859 0.547222 0.011719 0.097222
