1 0.148047 0.160417 0.038281 0.040278
3 0.404297 0.377778 0.127344 0.144444
1 0.761328 0.075694 0.035156 0.051389
1 0.418359 0.581944 0.175781 0.216667
1 0.106250 0.259028 0.051562 0.076389
3 0.119531 0.068056 0.021875 0.030556
1 0.042578 0.176389 0.033594 0.058333
3 0.228906 0.085417 0.042188 0.048611
3 0.169922 0.131250 0.038281 0.051389
3 0.096094 0.160417 0.042188 0.079167
1 0.027734 0.244444 0.036719 0.069444
1 0.011719 0.148611 0.020313 0.033333
1 0.014453 0.493750 0.028906 0.154167
1 0.876953 0.368750 0.105469 0.095833
3 0.358203 0.114583 0.088281 0.068056
