1 0.151172 0.168750 0.041406 0.051389
3 0.191406 0.144444 0.048438 0.061111
1 0.264844 0.301389 0.085938 0.111111
3 0.598047 0.076389 0.036719 0.038889
3 0.701172 0.096528 0.046094 0.051389
1 0.157812 0.073611 0.021875 0.030556
3 0.114062 0.239583 0.081250 0.151389
3 0.398828 0.099306 0.077344 0.068056
1 0.530078 0.178472 0.077344 0.048611
3 0.550391 0.234028 0.111719 0.095833
1 0.894922 0.546528 0.150781 0.159722
1 0.060547 0.205556 0.033594 0.063889
2 0.264453 0.084028 0.063281 0.073611
1 0.709766 0.072222 0.033594 0.036111
