3 0.690234 0.090278 0.047656 0.047222
1 0.481641 0.138889 0.067969 0.061111
1 0.784375 0.070139 0.029687 0.051389
1 0.810547 0.057639 0.022656 0.026389
0 0.177734 0.177083 0.010156 0.051389
1 0.893359 0.125000 0.022656 0.033333
3 0.861328 0.142361 0.035156 0.054167
1 0.029297 0.367361 0.058594 0.109722
1 0.830078 0.133333 0.030469 0.041667
0 0.100391 0.206250 0.016406 0.048611
0 0.901953 0.706250 0.038281 0.126389
1 0.236719 0.205556 0.082812 0.072222
0 0.168359 0.175000 0.008594 0.052778
1 0.510547 0.307639 0.100781 0.104167
1 0.647266 0.071528 0.039844 0.034722
0 0.901953 0.804861 0.039844 0.131944
3 0.745313 0.365278 0.087500 0.125000
1 0.170703 0.707639 0.227344 0.259722
