1 0.147656 0.167361 0.042188 0.048611
3 0.190625 0.140972 0.045312 0.062500
1 0.543750 0.508333 0.170313 0.208333
3 0.599609 0.073611 0.038281 0.041667
3 0.171484 0.095139 0.033594 0.034722
3 0.189844 0.140972 0.048438 0.062500
3 0.702734 0.095833 0.046094 0.047222
1 0.126562 0.068056 0.018750 0.027778
1 0.319141 0.080556 0.063281 0.055556
3 0.199219 0.318056 0.129688 0.225000
1 0.380859 0.127778 0.063281 0.041667
3 0.395313 0.168056 0.082812 0.072222
1 0.824609 0.502083 0.150781 0.148611
1 0.097266 0.247917 0.052344 0.087500
2 0.210938 0.071528 0.050000 0.062500
1 0.538672 0.060417 0.044531 0.031944
3 0.823828 0.288194 0.188281 0.209722
1 0.004687 0.129167 0.009375 0.038889
1 0.820703 0.377778 0.128906 0.122222
