0 0.691406 0.128472 0.009375 0.040278
3 0.621094 0.109028 0.010937 0.045833
1 0.105469 0.078472 0.021875 0.029167
1 0.128906 0.279167 0.057813 0.080556
1 0.648828 0.086806 0.041406 0.040278
1 0.933203 0.596528 0.132031 0.148611
1 0.341797 0.093056 0.046094 0.041667
3 0.351562 0.514583 0.204687 0.179167
0 0.714844 0.130556 0.006250 0.036111
3 0.280078 0.107639 0.078906 0.093056
3 0.538672 0.158333 0.125781 0.133333
1 0.182812 0.226389 0.064062 0.100000
1 0.681641 0.208333 0.088281 0.063889
3 0.693750 0.307639 0.153125 0.143056
1 0.075391 0.075000 0.013281 0.019444
1 0.151562 0.093056 0.028125 0.030556
