3 0.696484 0.099306 0.041406 0.051389
1 0.542969 0.093750 0.054688 0.051389
1 0.201563 0.068750 0.028125 0.031944
1 0.816016 0.058333 0.024219 0.025000
0 0.091797 0.206944 0.010156 0.044444
0 0.083984 0.225694 0.016406 0.051389
1 0.675391 0.292361 0.085156 0.090278
0 0.865234 0.820139 0.046094 0.162500
1 0.725781 0.363889 0.078125 0.119444
3 0.319141 0.190972 0.121094 0.115278
3 0.357422 0.517361 0.230469 0.243056
1 0.643750 0.082639 0.042188 0.051389
1 0.271094 0.468056 0.126562 0.141667
0 0.016406 0.261111 0.015625 0.055556
0 0.872266 0.950000 0.042969 0.097222
