1 0.150000 0.167361 0.031250 0.045833
3 0.302344 0.308333 0.095312 0.116667
1 0.768750 0.073611 0.035937 0.052778
1 0.293359 0.457639 0.125781 0.159722
1 0.083203 0.234028 0.042969 0.065278
3 0.132812 0.068750 0.025000 0.034722
3 0.155859 0.129167 0.050781 0.050000
1 0.034375 0.167361 0.032813 0.054167
3 0.192578 0.103472 0.035156 0.045833
3 0.151562 0.129167 0.050000 0.050000
3 0.082031 0.151389 0.039062 0.072222
1 0.015234 0.220139 0.030469 0.059722
1 0.008984 0.143750 0.017969 0.034722
3 0.419922 0.131250 0.103906 0.081944
