1 0.150781 0.170139 0.039062 0.045833
3 0.159375 0.076389 0.025000 0.033333
3 0.598047 0.078472 0.038281 0.040278
3 0.701953 0.095833 0.049219 0.055556
1 0.147266 0.125000 0.030469 0.038889
1 0.527344 0.353472 0.137500 0.115278
1 0.421094 0.071528 0.050000 0.037500
1 0.182422 0.061111 0.022656 0.030556
1 0.660156 0.075694 0.039062 0.048611
1 0.082031 0.125694 0.020313 0.037500
1 0.691016 0.795139 0.239844 0.309722
1 0.137109 0.215972 0.049219 0.068056
1 0.710547 0.071528 0.032031 0.031944
1 0.133984 0.089583 0.021094 0.029167
3 0.454688 0.111806 0.092188 0.081944
3 0.531250 0.190972 0.165625 0.162500
