3 0.664062 0.106944 0.051562 0.052778
1 0.707422 0.054861 0.035156 0.031944
0 0.389062 0.091667 0.009375 0.041667
0 0.317188 0.113889 0.009375 0.044444
1 0.848047 0.050000 0.016406 0.019444
0 0.342969 0.096528 0.010937 0.031944
1 0.741406 0.104861 0.046875 0.054167
3 0.165234 0.233333 0.107031 0.105556
1 0.714453 0.092361 0.027344 0.037500
3 0.164844 0.233333 0.109375 0.105556
1 0.642578 0.047222 0.038281 0.033333
3 0.427344 0.112500 0.098437 0.100000
3 0.808203 0.249306 0.075781 0.126389
1 0.008984 0.205556 0.017969 0.058333
3 0.769141 0.303472 0.050781 0.090278
0 0.373828 0.096528 0.010156 0.037500
3 0.800000 0.263889 0.103125 0.161111
1 0.006250 0.549306 0.012500 0.095833
