3 0.665625 0.106944 0.056250 0.055556
0 0.332031 0.109722 0.009375 0.044444
0 0.262891 0.137500 0.013281 0.038889
0 0.320312 0.113889 0.010937 0.041667
1 0.891797 0.126389 0.021094 0.033333
0 0.294531 0.113889 0.012500 0.041667
3 0.207031 0.064583 0.032813 0.034722
3 0.848828 0.114583 0.030469 0.040278
3 0.120703 0.264583 0.111719 0.109722
1 0.781641 0.079167 0.038281 0.075000
3 0.583203 0.075694 0.055469 0.051389
1 0.724609 0.090972 0.038281 0.037500
3 0.662109 0.212500 0.089844 0.102778
3 0.685547 0.050694 0.042969 0.054167
3 0.491016 0.134028 0.083594 0.062500
1 0.005859 0.548611 0.011719 0.097222
