3 0.697266 0.096528 0.046094 0.051389
1 0.619922 0.095139 0.046094 0.043056
1 0.229297 0.205556 0.086719 0.088889
1 0.777734 0.068056 0.039844 0.052778
1 0.816016 0.057639 0.022656 0.023611
0 0.149219 0.191667 0.014063 0.055556
1 0.857422 0.152778 0.030469 0.044444
0 0.930078 0.661806 0.039844 0.123611
1 0.904297 0.157639 0.025781 0.045833
3 0.798828 0.186806 0.055469 0.079167
1 0.354297 0.186806 0.083594 0.084722
1 0.751953 0.175000 0.047656 0.055556
0 0.070703 0.221528 0.013281 0.051389
0 0.879297 0.794444 0.041406 0.108333
1 0.444922 0.125000 0.069531 0.055556
0 0.139844 0.193056 0.012500 0.052778
1 0.155078 0.552778 0.147656 0.175000
1 0.689453 0.064583 0.032031 0.026389
0 0.859766 0.904861 0.049219 0.134722
1 0.782031 0.070139 0.032813 0.051389
