0 0.848047 0.206944 0.013281 0.050000
1 0.078906 0.216667 0.040625 0.072222
1 0.809375 0.058333 0.018750 0.022222
1 0.194531 0.337500 0.079687 0.108333
1 0.162500 0.215972 0.048438 0.062500
1 0.437500 0.118056 0.065625 0.047222
3 0.117969 0.411111 0.101562 0.172222
3 0.510938 0.637500 0.235937 0.275000
1 0.809766 0.056944 0.017969 0.019444
3 0.200781 0.080556 0.034375 0.038889
1 0.855859 0.352083 0.099219 0.095833
1 0.251563 0.123611 0.042188 0.041667
1 0.093359 0.169444 0.032031 0.044444
1 0.739453 0.337500 0.111719 0.094444
3 0.036719 0.123611 0.031250 0.052778
