3 0.629297 0.118750 0.064844 0.062500
1 0.709375 0.090278 0.040625 0.047222
1 0.555859 0.058333 0.047656 0.036111
1 0.473828 0.063889 0.055469 0.041667
1 0.017188 0.224306 0.034375 0.068056
3 0.231641 0.232639 0.105469 0.098611
1 0.053516 0.195139 0.032031 0.051389
0 0.941016 0.256250 0.013281 0.048611
1 0.050000 0.131250 0.021875 0.040278
0 0.923047 0.241667 0.011719 0.058333
3 0.582422 0.095139 0.061719 0.068056
1 0.027734 0.121528 0.019531 0.029167
3 0.698047 0.115972 0.052344 0.065278
1 0.226562 0.352083 0.139063 0.137500
