3 0.237500 0.198611 0.095312 0.061111
1 0.377344 0.017361 0.057813 0.034722
1 0.487109 0.110417 0.063281 0.056944
1 0.173828 0.064583 0.022656 0.029167
1 0.816797 0.056250 0.022656 0.023611
0 0.105078 0.203472 0.011719 0.051389
0 0.101953 0.215972 0.013281 0.048611
1 0.751172 0.236111 0.060156 0.072222
0 0.889453 0.767361 0.044531 0.126389
1 0.807813 0.272222 0.050000 0.083333
3 0.166797 0.275694 0.125781 0.118056
3 0.560547 0.363194 0.152344 0.173611
1 0.602734 0.095139 0.050781 0.056944
1 0.479297 0.334722 0.111719 0.102778
0 0.031250 0.248611 0.012500 0.047222
0 0.811328 0.961111 0.053906 0.075000
