3 0.847656 0.659028 0.203125 0.295833
1 0.511328 0.129861 0.066406 0.054167
1 0.101562 0.177778 0.035937 0.052778
1 0.555469 0.159028 0.059375 0.079167
3 0.798828 0.057639 0.021094 0.023611
1 0.777734 0.077778 0.025781 0.033333
1 0.702344 0.095833 0.037500 0.044444
1 0.678516 0.135417 0.047656 0.054167
1 0.798047 0.088889 0.028906 0.033333
3 0.848047 0.659722 0.202344 0.294444
1 0.142578 0.062500 0.019531 0.016667
1 0.673828 0.081250 0.036719 0.034722
0 0.040625 0.307639 0.021875 0.056944
1 0.042969 0.090972 0.014063 0.020833
1 0.547656 0.093056 0.051562 0.038889
