3 0.653125 0.111806 0.054688 0.054167
1 0.848047 0.052778 0.014844 0.016667
0 0.439453 0.062500 0.007031 0.036111
1 0.705469 0.095833 0.042188 0.038889
1 0.460547 0.137500 0.077344 0.069444
1 0.625781 0.054167 0.039062 0.027778
0 0.413672 0.054861 0.007031 0.031944
1 0.568359 0.055556 0.046094 0.036111
1 0.016797 0.224306 0.033594 0.070833
1 0.559375 0.091667 0.050000 0.038889
0 0.392578 0.076389 0.010156 0.036111
0 0.930859 0.238889 0.013281 0.052778
3 0.854297 0.111806 0.024219 0.037500
3 0.805078 0.055556 0.021094 0.025000
2 0.376172 0.018750 0.057031 0.034722
1 0.025391 0.163194 0.024219 0.037500
1 0.004297 0.101389 0.008594 0.025000
0 0.955078 0.268056 0.013281 0.058333
1 0.132422 0.431944 0.160156 0.161111
