3 0.665234 0.106944 0.053906 0.055556
1 0.772266 0.075694 0.027344 0.037500
0 0.377344 0.095833 0.007812 0.044444
0 0.305859 0.115972 0.011719 0.043056
0 0.361328 0.097222 0.008594 0.038889
0 0.332422 0.104167 0.008594 0.044444
1 0.747266 0.104167 0.044531 0.050000
3 0.286328 0.175000 0.103906 0.086111
1 0.714453 0.093056 0.027344 0.041667
1 0.672266 0.045833 0.033594 0.030556
3 0.513672 0.085417 0.077344 0.087500
1 0.825391 0.054861 0.017969 0.020833
1 0.080078 0.286806 0.097656 0.112500
3 0.712500 0.348611 0.139063 0.200000
1 0.006641 0.196528 0.013281 0.056944
1 0.005859 0.547222 0.011719 0.091667
