1 0.151562 0.168750 0.039062 0.051389
3 0.151562 0.090278 0.023438 0.036111
3 0.598047 0.078472 0.038281 0.040278
3 0.701953 0.095833 0.047656 0.052778
1 0.150781 0.125694 0.025000 0.031944
1 0.488672 0.336111 0.133594 0.111111
1 0.194531 0.067361 0.028125 0.031944
1 0.661328 0.075694 0.042969 0.045833
1 0.150000 0.090972 0.026562 0.034722
1 0.080859 0.125694 0.021094 0.037500
1 0.865234 0.416667 0.127344 0.130556
1 0.417578 0.435417 0.150781 0.162500
1 0.710156 0.073611 0.034375 0.036111
3 0.307422 0.106944 0.102344 0.113889
3 0.408203 0.129167 0.078906 0.072222
1 0.882422 0.547917 0.155469 0.151389
1 0.781641 0.054167 0.022656 0.022222
1 0.875391 0.318750 0.092969 0.084722
1 0.376953 0.018750 0.057031 0.034722
