1 0.150781 0.170139 0.039062 0.048611
3 0.597656 0.077083 0.037500 0.040278
3 0.701172 0.097222 0.050781 0.052778
1 0.144922 0.125000 0.025781 0.036111
1 0.595703 0.381944 0.144531 0.127778
1 0.420703 0.070833 0.053906 0.036111
1 0.660547 0.072222 0.038281 0.050000
1 0.512891 0.139583 0.067969 0.056944
3 0.172656 0.082639 0.051562 0.065278
1 0.084766 0.125000 0.030469 0.041667
1 0.053125 0.188889 0.034375 0.052778
1 0.039844 0.247917 0.045312 0.095833
1 0.709766 0.073611 0.035156 0.036111
3 0.913672 0.438194 0.141406 0.145833
3 0.914453 0.439583 0.141406 0.143056
