3 0.221094 0.211111 0.095312 0.080556
3 0.701953 0.090972 0.049219 0.062500
1 0.377344 0.017361 0.057813 0.034722
1 0.476953 0.113194 0.063281 0.056944
1 0.169922 0.064583 0.024219 0.029167
1 0.816016 0.056250 0.022656 0.023611
0 0.107813 0.206944 0.012500 0.052778
0 0.100000 0.216667 0.010937 0.050000
1 0.760156 0.229167 0.056250 0.069444
0 0.894141 0.761806 0.041406 0.134722
1 0.817187 0.260417 0.048438 0.081944
3 0.140234 0.293056 0.128906 0.119444
3 0.585156 0.345139 0.142187 0.165278
1 0.593359 0.099306 0.050781 0.051389
1 0.506641 0.318750 0.110156 0.101389
0 0.034375 0.247222 0.015625 0.044444
