1 0.147656 0.168056 0.039062 0.047222
3 0.221875 0.254861 0.067187 0.087500
1 0.778125 0.071528 0.032813 0.051389
1 0.845703 0.745139 0.185156 0.276389
1 0.201563 0.359722 0.082812 0.113889
1 0.063672 0.211111 0.038281 0.058333
3 0.150781 0.071528 0.031250 0.037500
1 0.026953 0.159028 0.028906 0.045833
3 0.236719 0.112500 0.042188 0.047222
3 0.236328 0.113194 0.042969 0.048611
3 0.068750 0.139583 0.035937 0.065278
1 0.007812 0.196528 0.015625 0.045833
1 0.006250 0.138889 0.012500 0.030556
1 0.013672 0.493750 0.027344 0.156944
3 0.513281 0.160417 0.121875 0.093056
