3 0.572266 0.156250 0.097656 0.076389
1 0.148438 0.163889 0.037500 0.052778
1 0.783984 0.052083 0.024219 0.023611
1 0.416797 0.576389 0.183594 0.222222
3 0.244922 0.123611 0.039844 0.041667
1 0.105859 0.247222 0.060156 0.094444
3 0.598828 0.077083 0.039844 0.040278
3 0.182422 0.138194 0.046094 0.059722
3 0.231641 0.258333 0.099219 0.155556
1 0.211328 0.543750 0.124219 0.220833
1 0.035156 0.179167 0.028125 0.044444
1 0.013672 0.491667 0.027344 0.152778
1 0.464062 0.161806 0.075000 0.059722
1 0.181250 0.138194 0.048438 0.062500
3 0.578516 0.240972 0.119531 0.101389
