1 0.150391 0.170139 0.038281 0.043056
3 0.559766 0.238194 0.111719 0.090278
3 0.225781 0.070833 0.034375 0.041667
3 0.055469 0.138194 0.034375 0.054167
3 0.598437 0.077778 0.035937 0.038889
3 0.192578 0.150694 0.046094 0.048611
1 0.329297 0.502083 0.149219 0.181944
1 0.093359 0.243750 0.047656 0.073611
3 0.705078 0.097222 0.044531 0.050000
1 0.331250 0.111111 0.048438 0.050000
1 0.501953 0.136111 0.085156 0.066667
1 0.021484 0.145139 0.036719 0.076389
3 0.021094 0.145139 0.037500 0.076389
1 0.131641 0.203472 0.044531 0.059722
3 0.673828 0.218056 0.139844 0.161111
3 0.805078 0.264583 0.121094 0.120833
