1 0.617969 0.256944 0.050000 0.097222
1 0.147266 0.058333 0.019531 0.022222
1 0.015625 0.218056 0.031250 0.080556
1 0.053516 0.196528 0.030469 0.048611
1 0.101953 0.170139 0.036719 0.054167
0 0.926953 0.251389 0.010156 0.050000
1 0.076563 0.164583 0.020313 0.034722
3 0.546875 0.143056 0.076563 0.116667
1 0.318359 0.263194 0.078906 0.093056
1 0.859766 0.238194 0.057031 0.079167
1 0.167578 0.307639 0.088281 0.090278
0 0.940234 0.258333 0.010156 0.047222
1 0.198828 0.077778 0.035156 0.038889
1 0.318359 0.263194 0.078906 0.093056
