1 0.682422 0.138889 0.047656 0.055556
1 0.514062 0.423611 0.098437 0.219444
1 0.195312 0.061806 0.028125 0.029167
1 0.144922 0.057639 0.021094 0.023611
1 0.015625 0.222917 0.031250 0.068056
1 0.053516 0.195139 0.030469 0.054167
1 0.100781 0.170139 0.037500 0.054167
1 0.072656 0.159722 0.023438 0.036111
3 0.631641 0.100000 0.066406 0.086111
1 0.231250 0.258333 0.081250 0.091667
1 0.010156 0.145139 0.020313 0.031944
1 0.134375 0.436111 0.117188 0.133333
1 0.939844 0.311806 0.064062 0.070833
1 0.321094 0.108333 0.057813 0.055556
