0 0.548047 0.091667 0.011719 0.041667
1 0.238672 0.119444 0.046094 0.044444
3 0.587891 0.100694 0.010156 0.045833
1 0.317188 0.086806 0.045312 0.037500
1 0.643359 0.088889 0.041406 0.041667
1 0.164453 0.381250 0.127344 0.101389
3 0.100391 0.077083 0.032031 0.034722
3 0.146094 0.063889 0.035937 0.050000
3 0.936328 0.125694 0.017969 0.034722
3 0.146094 0.063194 0.037500 0.051389
1 0.750781 0.052083 0.021875 0.031944
1 0.491797 0.211111 0.089844 0.069444
1 0.009375 0.097917 0.018750 0.043056
1 0.834766 0.517361 0.155469 0.156944
