3 0.557813 0.546528 0.150000 0.259722
1 0.779297 0.097222 0.030469 0.038889
1 0.533203 0.180556 0.066406 0.100000
1 0.273828 0.071528 0.041406 0.034722
1 0.210156 0.064583 0.029687 0.031944
1 0.017578 0.225694 0.035156 0.068056
1 0.055859 0.196528 0.032031 0.051389
0 0.939453 0.257639 0.011719 0.054167
1 0.096875 0.165972 0.034375 0.048611
0 0.924609 0.245139 0.010156 0.051389
1 0.067578 0.153472 0.025781 0.034722
3 0.876953 0.707639 0.172656 0.284722
3 0.557422 0.545833 0.152344 0.266667
3 0.701172 0.084722 0.053906 0.066667
1 0.896094 0.735417 0.206250 0.340278
1 0.054297 0.430556 0.108594 0.130556
2 0.376953 0.017361 0.060156 0.034722
1 0.356250 0.218750 0.075000 0.098611
