1 0.150781 0.169444 0.039062 0.044444
3 0.166406 0.077778 0.026562 0.033333
3 0.598047 0.077778 0.038281 0.041667
3 0.701953 0.095833 0.049219 0.055556
1 0.147266 0.125694 0.027344 0.037500
1 0.527734 0.351389 0.136719 0.116667
1 0.423047 0.070833 0.052344 0.036111
1 0.186328 0.061111 0.024219 0.033333
1 0.660156 0.075000 0.037500 0.047222
1 0.081641 0.126389 0.021094 0.036111
1 0.588281 0.707639 0.225000 0.284722
1 0.123047 0.204861 0.046094 0.059722
1 0.709766 0.071528 0.032031 0.031944
3 0.470313 0.117361 0.098437 0.084722
3 0.571484 0.210417 0.177344 0.179167
3 0.779297 0.286111 0.125781 0.130556
