1 0.150000 0.168056 0.037500 0.047222
3 0.192188 0.148611 0.043750 0.050000
3 0.355078 0.471528 0.191406 0.281944
3 0.599609 0.074306 0.039844 0.040278
3 0.702734 0.096528 0.047656 0.051389
3 0.092578 0.073611 0.017969 0.033333
1 0.595703 0.379861 0.144531 0.126389
1 0.424609 0.068056 0.052344 0.038889
1 0.133984 0.085417 0.024219 0.034722
1 0.711328 0.071528 0.032031 0.034722
1 0.139453 0.049306 0.036719 0.068056
1 0.798438 0.266667 0.085938 0.083333
3 0.319922 0.121528 0.099219 0.106944
1 0.077344 0.125694 0.021875 0.034722
1 0.013672 0.147222 0.022656 0.036111
