3 0.608984 0.204861 0.052344 0.093056
1 0.750391 0.084722 0.030469 0.038889
3 0.062109 0.306944 0.124219 0.125000
1 0.101953 0.178472 0.033594 0.048611
1 0.932422 0.097917 0.014844 0.020833
1 0.696484 0.095833 0.042969 0.050000
1 0.908984 0.118056 0.017969 0.025000
1 0.774609 0.063889 0.021094 0.025000
1 0.794531 0.090972 0.028125 0.031944
1 0.172656 0.065278 0.025000 0.027778
1 0.866797 0.070833 0.016406 0.022222
3 0.841016 0.120833 0.032031 0.041667
3 0.818359 0.180556 0.044531 0.061111
3 0.608203 0.204167 0.053906 0.094444
1 0.266797 0.071528 0.036719 0.026389
0 0.489453 0.106250 0.013281 0.043056
