0 0.846484 0.204861 0.011719 0.051389
1 0.082031 0.220139 0.042188 0.073611
1 0.203516 0.346528 0.085156 0.112500
1 0.167969 0.220833 0.051562 0.066667
1 0.428516 0.114583 0.064844 0.048611
3 0.126562 0.422222 0.107813 0.180556
3 0.542578 0.664583 0.242969 0.284722
1 0.808203 0.056944 0.019531 0.022222
3 0.196484 0.078472 0.032031 0.043056
1 0.841797 0.342361 0.097656 0.095833
1 0.245703 0.122222 0.041406 0.041667
1 0.095312 0.170833 0.034375 0.047222
1 0.723828 0.327083 0.111719 0.093056
3 0.037109 0.126389 0.033594 0.052778
