1 0.148438 0.166667 0.040625 0.050000
3 0.189453 0.145139 0.047656 0.054167
3 0.076172 0.122222 0.028906 0.036111
3 0.600391 0.073611 0.038281 0.038889
3 0.122266 0.083333 0.024219 0.030556
3 0.189062 0.140972 0.048438 0.062500
3 0.703125 0.095139 0.048438 0.051389
3 0.554688 0.626389 0.320312 0.483333
3 0.257812 0.115278 0.051562 0.061111
1 0.732812 0.449306 0.151562 0.140278
1 0.213672 0.364583 0.096094 0.140278
2 0.153125 0.063194 0.034375 0.051389
1 0.483984 0.064583 0.038281 0.037500
3 0.518359 0.145139 0.141406 0.131944
1 0.506641 0.214583 0.099219 0.081944
