3 0.567578 0.150694 0.069531 0.079167
1 0.853516 0.065278 0.016406 0.022222
0 0.309375 0.055556 0.006250 0.027778
1 0.678125 0.100000 0.048438 0.050000
1 0.489063 0.063889 0.046875 0.036111
1 0.371484 0.068750 0.055469 0.040278
1 0.017578 0.224306 0.035156 0.065278
0 0.321484 0.056944 0.010156 0.033333
1 0.055859 0.196528 0.033594 0.051389
0 0.939453 0.254861 0.011719 0.056944
1 0.065625 0.148611 0.026562 0.036111
1 0.615234 0.094444 0.042969 0.038889
0 0.923828 0.243056 0.010156 0.052778
3 0.217578 0.228472 0.114844 0.137500
1 0.042188 0.137500 0.020313 0.019444
3 0.644922 0.157639 0.058594 0.079167
3 0.531250 0.096528 0.062500 0.051389
3 0.567578 0.150694 0.069531 0.081944
1 0.248438 0.332639 0.132812 0.134722
