3 0.701953 0.120833 0.049219 0.055556
1 0.173047 0.271528 0.092969 0.101389
1 0.318359 0.166667 0.080469 0.075000
1 0.756641 0.084028 0.030469 0.034722
3 0.170313 0.068056 0.032813 0.033333
1 0.277734 0.070833 0.044531 0.036111
3 0.605078 0.088194 0.092969 0.076389
1 0.662891 0.065278 0.036719 0.033333
3 0.710547 0.058333 0.030469 0.033333
1 0.099219 0.177083 0.037500 0.051389
1 0.553906 0.085417 0.034375 0.040278
1 0.277344 0.070833 0.046875 0.038889
1 0.482031 0.416667 0.139063 0.147222
1 0.722266 0.089583 0.035156 0.037500
3 0.072266 0.633333 0.144531 0.186111
