1 0.727344 0.529861 0.132812 0.215278
1 0.236328 0.114583 0.038281 0.045833
1 0.125000 0.065972 0.031250 0.029167
1 0.016016 0.220139 0.032031 0.081944
1 0.053516 0.196528 0.032031 0.048611
1 0.102344 0.170139 0.035937 0.054167
1 0.076953 0.163194 0.022656 0.037500
3 0.491797 0.221528 0.072656 0.165278
1 0.862891 0.193056 0.039844 0.063889
1 0.258594 0.191667 0.045312 0.066667
1 0.055859 0.145833 0.022656 0.033333
1 0.367969 0.170833 0.040625 0.069444
1 0.236719 0.114583 0.037500 0.048611
1 0.367188 0.170833 0.040625 0.069444
