1 0.207422 0.260417 0.097656 0.093056
1 0.629687 0.236806 0.081250 0.079167
1 0.043750 0.312500 0.087500 0.105556
1 0.738672 0.243056 0.067969 0.086111
1 0.105859 0.181944 0.036719 0.058333
1 0.699609 0.119444 0.049219 0.058333
1 0.352734 0.153472 0.077344 0.070833
1 0.876953 0.181250 0.035156 0.056944
1 0.530078 0.122917 0.061719 0.051389
3 0.079687 0.161806 0.032813 0.051389
1 0.912891 0.145139 0.021094 0.037500
1 0.848047 0.156944 0.030469 0.050000
2 0.595313 0.063194 0.107813 0.084722
2 0.018750 0.200000 0.037500 0.122222
3 0.220312 0.496528 0.165625 0.190278
