1 0.150781 0.169444 0.039062 0.050000
3 0.598047 0.077083 0.036719 0.040278
3 0.701172 0.097222 0.046094 0.050000
1 0.233984 0.306250 0.113281 0.095833
1 0.660547 0.072917 0.038281 0.048611
1 0.081250 0.126389 0.020313 0.038889
1 0.710156 0.071528 0.031250 0.037500
3 0.166016 0.081250 0.046094 0.059722
1 0.779297 0.484722 0.157031 0.138889
1 0.838672 0.053472 0.016406 0.023611
1 0.494922 0.138889 0.069531 0.055556
1 0.423438 0.070833 0.051562 0.036111
1 0.016797 0.096528 0.014844 0.023611
1 0.027344 0.119444 0.021875 0.030556
