1 0.323828 0.206944 0.094531 0.077778
1 0.523047 0.297917 0.110156 0.098611
1 0.153516 0.243056 0.088281 0.094444
1 0.662891 0.299306 0.096094 0.112500
3 0.007031 0.382639 0.014063 0.062500
1 0.105859 0.181944 0.036719 0.058333
1 0.699609 0.120139 0.050781 0.059722
1 0.428516 0.128472 0.071094 0.065278
1 0.856641 0.204861 0.038281 0.065278
1 0.579297 0.105556 0.052344 0.047222
3 0.079687 0.162500 0.032813 0.052778
1 0.901953 0.157639 0.024219 0.043056
1 0.821484 0.177778 0.038281 0.058333
2 0.622266 0.059028 0.096094 0.076389
