1 0.148438 0.167361 0.039062 0.045833
3 0.188672 0.144444 0.050781 0.055556
3 0.076563 0.123611 0.025000 0.036111
3 0.600000 0.074306 0.040625 0.040278
3 0.703516 0.095833 0.049219 0.050000
1 0.214844 0.065278 0.042188 0.044444
3 0.837891 0.786806 0.321094 0.420833
3 0.222266 0.108333 0.041406 0.047222
1 0.698047 0.431250 0.150781 0.137500
1 0.325000 0.468750 0.148438 0.198611
2 0.137500 0.061111 0.032813 0.047222
1 0.710938 0.071528 0.034375 0.034722
3 0.423438 0.114583 0.118750 0.120833
1 0.409375 0.173611 0.082812 0.069444
1 0.673438 0.209028 0.087500 0.068056
1 0.329297 0.080556 0.063281 0.052778
1 0.661328 0.068750 0.039844 0.040278
