3 0.676953 0.104167 0.058594 0.055556
1 0.567578 0.100694 0.055469 0.056944
1 0.782813 0.067361 0.035937 0.048611
0 0.250391 0.139583 0.013281 0.051389
3 0.931641 0.097917 0.017969 0.026389
0 0.171875 0.166667 0.010937 0.041667
0 0.239063 0.145139 0.010937 0.045833
1 0.840234 0.119444 0.025781 0.036111
1 0.356250 0.154167 0.078125 0.061111
1 0.235937 0.242361 0.090625 0.084722
3 0.918359 0.147222 0.021094 0.038889
1 0.799219 0.204861 0.051562 0.062500
1 0.595313 0.349306 0.106250 0.109722
0 0.226953 0.143056 0.010156 0.044444
3 0.643359 0.065972 0.047656 0.043056
3 0.286719 0.440972 0.193750 0.190278
1 0.006641 0.547917 0.013281 0.098611
