3 0.651953 0.111806 0.052344 0.059722
1 0.827344 0.052778 0.018750 0.027778
0 0.433984 0.059028 0.005469 0.029167
3 0.376953 0.017361 0.058594 0.034722
1 0.705859 0.092361 0.042969 0.043056
1 0.183594 0.258333 0.101562 0.108333
1 0.619922 0.053472 0.038281 0.029167
1 0.560547 0.056944 0.047656 0.038889
1 0.016797 0.224306 0.033594 0.065278
1 0.307422 0.175000 0.077344 0.063889
0 0.384375 0.071528 0.009375 0.034722
3 0.890234 0.094444 0.017969 0.027778
3 0.827734 0.051389 0.019531 0.030556
1 0.035937 0.175000 0.026562 0.044444
0 0.941797 0.243750 0.011719 0.051389
1 0.504297 0.123611 0.066406 0.066667
1 0.010547 0.106944 0.014844 0.025000
0 0.929297 0.245833 0.010156 0.047222
1 0.167187 0.402778 0.151562 0.152778
