1 0.151562 0.170139 0.039062 0.048611
3 0.383984 0.165278 0.075781 0.066667
1 0.098828 0.174306 0.035156 0.056944
3 0.182812 0.062500 0.031250 0.038889
3 0.598828 0.077778 0.036719 0.038889
1 0.920703 0.943750 0.155469 0.106944
1 0.192578 0.143750 0.044531 0.062500
1 0.191406 0.349306 0.082812 0.120833
3 0.703516 0.089583 0.047656 0.062500
1 0.242188 0.089583 0.031250 0.040278
1 0.376172 0.099306 0.066406 0.054167
3 0.042969 0.171528 0.040625 0.090278
1 0.264844 0.308333 0.089063 0.102778
3 0.466797 0.135417 0.103906 0.115278
3 0.623828 0.175694 0.110156 0.095833
