3 0.653125 0.111111 0.054688 0.055556
1 0.841016 0.053472 0.019531 0.020833
0 0.438672 0.061111 0.008594 0.036111
3 0.377734 0.017361 0.058594 0.034722
1 0.706250 0.094444 0.045312 0.044444
1 0.382812 0.165972 0.089063 0.079167
1 0.625781 0.054167 0.037500 0.030556
0 0.407422 0.056250 0.007031 0.029167
1 0.566406 0.058333 0.046875 0.036111
1 0.016797 0.223611 0.033594 0.066667
1 0.493750 0.109028 0.057813 0.048611
0 0.389453 0.073611 0.010156 0.036111
0 0.930859 0.240278 0.013281 0.052778
3 0.868359 0.105556 0.021094 0.033333
3 0.794922 0.056944 0.022656 0.027778
2 0.377344 0.018750 0.057813 0.034722
1 0.029297 0.166667 0.025781 0.041667
1 0.601172 0.094444 0.052344 0.052778
1 0.006250 0.102778 0.012500 0.025000
1 0.145313 0.420139 0.154688 0.156944
