3 0.693359 0.108333 0.047656 0.058333
1 0.253125 0.231944 0.090625 0.083333
1 0.783984 0.068750 0.028906 0.051389
1 0.805078 0.059028 0.017969 0.026389
0 0.201953 0.165278 0.010156 0.050000
1 0.912109 0.110417 0.017969 0.026389
0 0.957422 0.565278 0.025781 0.122222
1 0.945312 0.109028 0.015625 0.026389
3 0.892578 0.121528 0.025781 0.043056
1 0.866797 0.111111 0.021094 0.033333
0 0.126953 0.191667 0.014844 0.050000
1 0.020313 0.330556 0.040625 0.072222
0 0.189844 0.164583 0.010937 0.051389
1 0.684766 0.203472 0.061719 0.073611
1 0.590234 0.084028 0.046094 0.037500
0 0.922266 0.690278 0.039844 0.177778
1 0.606641 0.102083 0.049219 0.045833
3 0.842578 0.240972 0.044531 0.073611
1 0.508203 0.428472 0.158594 0.145833
1 0.378125 0.018056 0.059375 0.033333
1 0.005469 0.545139 0.010937 0.081944
