3 0.034766 0.303472 0.069531 0.129167
3 0.699609 0.097222 0.044531 0.047222
1 0.664062 0.084722 0.039062 0.036111
1 0.340234 0.157639 0.082031 0.079167
1 0.134375 0.060417 0.018750 0.023611
1 0.778516 0.065972 0.039844 0.056944
1 0.816797 0.056944 0.021094 0.022222
0 0.131250 0.196528 0.015625 0.059722
1 0.830078 0.174306 0.036719 0.051389
0 0.919922 0.697222 0.036719 0.133333
1 0.882422 0.184722 0.030469 0.055556
3 0.745703 0.227083 0.072656 0.098611
1 0.473828 0.140972 0.066406 0.065278
1 0.685937 0.210417 0.062500 0.068056
0 0.057813 0.232639 0.014063 0.051389
0 0.858984 0.854861 0.041406 0.118056
1 0.524609 0.102778 0.049219 0.044444
