1 0.150781 0.165972 0.040625 0.048611
1 0.332422 0.352778 0.111719 0.138889
3 0.598047 0.076389 0.038281 0.041667
3 0.210156 0.110417 0.037500 0.043056
3 0.190625 0.145833 0.046875 0.052778
3 0.701953 0.096528 0.047656 0.051389
1 0.147266 0.071528 0.021094 0.031944
3 0.135937 0.261806 0.093750 0.168056
3 0.369141 0.092361 0.071094 0.062500
1 0.471484 0.156944 0.069531 0.044444
3 0.489453 0.207639 0.100781 0.087500
1 0.869922 0.529861 0.149219 0.156944
1 0.071875 0.218056 0.040625 0.069444
2 0.242578 0.079167 0.057031 0.072222
1 0.710547 0.072222 0.033594 0.038889
1 0.569922 0.059028 0.039844 0.031944
