3 0.506641 0.134028 0.089844 0.070833
1 0.148828 0.165972 0.039844 0.051389
1 0.772656 0.052083 0.023438 0.023611
1 0.629687 0.775000 0.245312 0.308333
3 0.213672 0.115278 0.035156 0.036111
1 0.134375 0.275694 0.068750 0.106944
3 0.599609 0.076389 0.041406 0.041667
3 0.243359 0.072917 0.036719 0.037500
3 0.184375 0.138194 0.045312 0.059722
3 0.303906 0.308333 0.135937 0.197222
1 0.371094 0.768056 0.209375 0.333333
1 0.044141 0.190972 0.032031 0.051389
1 0.400391 0.140278 0.066406 0.050000
1 0.183594 0.138194 0.046875 0.059722
3 0.488672 0.200000 0.105469 0.088889
1 0.019531 0.153472 0.023438 0.040278
