1 0.276953 0.226389 0.097656 0.083333
1 0.574609 0.268056 0.097656 0.091667
1 0.107422 0.271528 0.091406 0.104167
1 0.699609 0.271528 0.080469 0.098611
1 0.105859 0.181944 0.036719 0.058333
1 0.699609 0.120139 0.050781 0.059722
1 0.397656 0.138889 0.071875 0.063889
1 0.866016 0.193750 0.035156 0.059722
1 0.559766 0.111806 0.055469 0.048611
3 0.080078 0.162500 0.033594 0.052778
1 0.906641 0.152083 0.024219 0.040278
1 0.833984 0.168056 0.036719 0.055556
2 0.611719 0.059028 0.100000 0.079167
2 0.018750 0.200694 0.037500 0.123611
3 0.081250 0.606944 0.162500 0.213889
