1 0.624219 0.308333 0.059375 0.116667
1 0.138672 0.059028 0.017969 0.020833
1 0.176953 0.074306 0.032031 0.037500
1 0.015234 0.217361 0.030469 0.084722
1 0.053516 0.196528 0.030469 0.048611
1 0.101953 0.170139 0.036719 0.054167
0 0.926953 0.251389 0.007031 0.038889
1 0.076953 0.163889 0.021094 0.036111
3 0.527734 0.156944 0.074219 0.130556
1 0.019531 0.154167 0.021875 0.038889
1 0.852734 0.222917 0.044531 0.070833
1 0.201953 0.270139 0.075781 0.084722
1 0.054297 0.145833 0.022656 0.030556
1 0.014453 0.109722 0.013281 0.025000
1 0.341406 0.233333 0.065625 0.083333
