3 0.050000 0.297917 0.100000 0.115278
3 0.698438 0.097917 0.043750 0.045833
1 0.671875 0.082639 0.037500 0.034722
1 0.362109 0.150000 0.077344 0.072222
1 0.138281 0.061806 0.018750 0.023611
1 0.781250 0.065972 0.034375 0.056944
1 0.816797 0.056944 0.021094 0.022222
0 0.128125 0.197917 0.012500 0.054167
1 0.822266 0.179861 0.039844 0.054167
0 0.916797 0.700000 0.039844 0.130556
1 0.875391 0.192361 0.032031 0.056944
3 0.730078 0.232639 0.080469 0.095833
1 0.494141 0.132639 0.064844 0.062500
1 0.669141 0.220833 0.071094 0.072222
0 0.055469 0.234722 0.015625 0.052778
0 0.854297 0.871528 0.047656 0.129167
1 0.538672 0.097917 0.044531 0.043056
1 0.033594 0.375694 0.067187 0.079167
0 0.121875 0.201389 0.012500 0.052778
