1 0.151172 0.170833 0.036719 0.044444
3 0.851953 0.402778 0.130469 0.119444
3 0.308594 0.084722 0.054688 0.047222
3 0.030859 0.121528 0.022656 0.034722
3 0.598047 0.078472 0.036719 0.040278
3 0.151953 0.061806 0.022656 0.029167
3 0.260937 0.116667 0.045312 0.055556
3 0.190625 0.152083 0.045312 0.043056
1 0.117969 0.279167 0.056250 0.080556
1 0.046484 0.188194 0.032031 0.051389
3 0.711328 0.093750 0.039844 0.051389
1 0.496094 0.165972 0.070312 0.068056
1 0.703125 0.216667 0.109375 0.091667
1 0.008594 0.129861 0.017188 0.059722
3 0.009375 0.130556 0.018750 0.061111
1 0.066406 0.153472 0.029687 0.040278
1 0.769922 0.050694 0.016406 0.018056
1 0.376563 0.018750 0.057813 0.034722
