1 0.141797 0.431944 0.096094 0.177778
1 0.190625 0.335417 0.076563 0.104167
1 0.313281 0.327083 0.104688 0.129167
1 0.135547 0.202778 0.042969 0.055556
0 0.930859 0.250000 0.011719 0.052778
1 0.067578 0.150000 0.027344 0.041667
1 0.018359 0.152083 0.021094 0.037500
1 0.923047 0.105556 0.016406 0.027778
1 0.023047 0.250694 0.042969 0.068056
1 0.649609 0.199306 0.085156 0.068056
1 0.141797 0.433333 0.097656 0.180556
1 0.903516 0.321528 0.085156 0.068056
1 0.030859 0.168056 0.027344 0.038889
1 0.965234 0.493750 0.055469 0.081944
1 0.118750 0.059722 0.017188 0.019444
