3 0.657422 0.145833 0.060156 0.066667
1 0.754297 0.082639 0.032031 0.037500
3 0.083984 0.334722 0.167969 0.163889
1 0.440625 0.120833 0.070312 0.063889
3 0.586719 0.079167 0.057813 0.041667
1 0.101562 0.177083 0.035937 0.054167
1 0.098828 0.065972 0.017969 0.023611
1 0.869922 0.138194 0.027344 0.040278
1 0.721484 0.090278 0.038281 0.044444
3 0.771875 0.163889 0.045312 0.050000
1 0.751953 0.250000 0.060156 0.069444
1 0.819141 0.056250 0.019531 0.020833
1 0.785937 0.059722 0.020313 0.022222
1 0.407422 0.069444 0.060156 0.038889
3 0.516016 0.123611 0.078906 0.069444
3 0.035547 0.060417 0.069531 0.037500
1 0.869141 0.069444 0.016406 0.022222
3 0.339062 0.403472 0.173437 0.159722
3 0.132812 0.709722 0.223438 0.252778
