1 0.105078 0.181250 0.038281 0.059722
1 0.692578 0.123611 0.050781 0.061111
3 0.079687 0.161806 0.034375 0.054167
2 0.019141 0.198611 0.038281 0.125000
1 0.905859 0.118056 0.017969 0.030556
3 0.652734 0.082639 0.050781 0.048611
3 0.543359 0.092361 0.067969 0.054167
1 0.858984 0.147222 0.030469 0.044444
1 0.022266 0.531250 0.044531 0.098611
1 0.647266 0.228472 0.077344 0.084722
1 0.377734 0.017361 0.058594 0.034722
1 0.491797 0.133333 0.066406 0.055556
3 0.694141 0.060417 0.039844 0.037500
3 0.818359 0.134722 0.030469 0.036111
