3 0.777344 0.250000 0.114062 0.100000
1 0.154688 0.168056 0.023438 0.044444
3 0.716406 0.602083 0.185938 0.231944
1 0.751172 0.077778 0.035156 0.058333
1 0.785547 0.881250 0.210156 0.231944
1 0.169531 0.325000 0.073438 0.102778
3 0.102344 0.065972 0.018750 0.026389
1 0.060547 0.197222 0.041406 0.069444
3 0.606641 0.076389 0.038281 0.038889
3 0.184766 0.076389 0.035156 0.047222
3 0.175391 0.136111 0.046094 0.058333
3 0.130469 0.184722 0.056250 0.102778
1 0.064453 0.308333 0.050781 0.100000
1 0.017969 0.159028 0.023438 0.037500
1 0.689844 0.260417 0.098437 0.079167
1 0.175781 0.135417 0.045312 0.059722
3 0.873047 0.410417 0.135156 0.137500
1 0.007031 0.138194 0.014063 0.031944
