0 0.841797 0.202083 0.010156 0.051389
1 0.092188 0.232639 0.043750 0.076389
1 0.801562 0.057639 0.018750 0.023611
1 0.241406 0.382639 0.096875 0.126389
1 0.188672 0.236806 0.055469 0.070833
1 0.397266 0.106944 0.061719 0.047222
3 0.160547 0.480556 0.130469 0.211111
3 0.647266 0.756944 0.267969 0.322222
3 0.182031 0.075000 0.028125 0.041667
1 0.787500 0.309722 0.098437 0.091667
1 0.870703 0.311111 0.089844 0.088889
1 0.105469 0.177778 0.035937 0.050000
1 0.668359 0.298611 0.110156 0.091667
3 0.039453 0.128472 0.036719 0.056944
