3 0.663672 0.108333 0.052344 0.052778
1 0.645312 0.066667 0.042188 0.038889
0 0.407422 0.088889 0.010156 0.044444
0 0.392969 0.090972 0.010937 0.040278
1 0.838672 0.050000 0.016406 0.022222
0 0.360547 0.093750 0.008594 0.037500
3 0.889453 0.094444 0.021094 0.030556
3 0.019531 0.322222 0.039062 0.083333
1 0.713672 0.090278 0.030469 0.044444
3 0.019922 0.321528 0.039844 0.084722
1 0.012891 0.212500 0.025781 0.066667
3 0.855078 0.211806 0.032031 0.056944
0 0.390234 0.090972 0.010156 0.040278
1 0.611328 0.050000 0.041406 0.038889
3 0.867578 0.186111 0.055469 0.102778
3 0.698828 0.227778 0.088281 0.100000
3 0.249609 0.230556 0.099219 0.091667
1 0.005859 0.547917 0.011719 0.098611
