3 0.653516 0.112500 0.055469 0.055556
3 0.376953 0.019444 0.057031 0.033333
1 0.705859 0.093750 0.044531 0.043056
1 0.597266 0.055556 0.042969 0.033333
1 0.533984 0.059722 0.050781 0.041667
1 0.016797 0.225000 0.033594 0.066667
0 0.368750 0.054861 0.010937 0.040278
3 0.652344 0.079861 0.048438 0.040278
1 0.047266 0.187500 0.030469 0.050000
0 0.940234 0.223611 0.008594 0.044444
1 0.030859 0.356250 0.061719 0.123611
1 0.008203 0.106944 0.014844 0.022222
1 0.027344 0.118750 0.021875 0.031944
1 0.850391 0.052083 0.014844 0.018056
1 0.204687 0.370833 0.143750 0.141667
3 0.469922 0.134722 0.085156 0.077778
