1 0.151172 0.168750 0.039844 0.048611
1 0.242969 0.283333 0.078125 0.102778
3 0.237109 0.118056 0.042969 0.033333
3 0.598047 0.077778 0.038281 0.038889
3 0.191406 0.151389 0.046875 0.047222
1 0.102344 0.133333 0.032813 0.047222
1 0.913672 0.935417 0.171094 0.123611
3 0.701172 0.097222 0.046094 0.050000
1 0.162500 0.076389 0.021875 0.033333
3 0.105469 0.231944 0.076563 0.141667
1 0.973828 0.849306 0.050781 0.173611
3 0.278516 0.082639 0.057031 0.065278
3 0.414844 0.105556 0.082812 0.069444
1 0.556250 0.189583 0.079687 0.048611
3 0.579297 0.246528 0.114844 0.101389
1 0.915234 0.557639 0.163281 0.165278
1 0.903516 0.552778 0.144531 0.158333
1 0.056641 0.202083 0.032031 0.065278
2 0.278125 0.083333 0.059375 0.072222
