3 0.665234 0.107639 0.057031 0.056944
1 0.780078 0.072917 0.028906 0.034722
0 0.250781 0.131944 0.014063 0.052778
1 0.914453 0.111806 0.017969 0.026389
1 0.880859 0.134028 0.022656 0.034722
3 0.831641 0.122917 0.035156 0.045833
3 0.202734 0.218750 0.107031 0.098611
1 0.001953 0.343056 0.003906 0.050000
3 0.613672 0.068056 0.049219 0.044444
1 0.726953 0.090972 0.039844 0.037500
3 0.583984 0.256944 0.116406 0.127778
3 0.704688 0.047917 0.040625 0.051389
3 0.550391 0.112500 0.069531 0.058333
1 0.006250 0.548611 0.012500 0.097222
