1 0.808203 0.178472 0.042969 0.056944
3 0.598047 0.079167 0.036719 0.041667
3 0.700781 0.097222 0.050000 0.055556
1 0.743359 0.165278 0.050781 0.055556
1 0.142578 0.160417 0.038281 0.054167
1 0.660937 0.081250 0.039062 0.045833
1 0.408984 0.068056 0.057031 0.047222
1 0.125000 0.059028 0.018750 0.026389
1 0.345313 0.172222 0.096875 0.072222
1 0.078516 0.125000 0.024219 0.036111
1 0.832422 0.054861 0.019531 0.023611
1 0.342187 0.385417 0.156250 0.129167
0 0.802344 0.026389 0.007812 0.038889
3 0.814453 0.138194 0.038281 0.051389
