3 0.434766 0.113889 0.080469 0.063889
1 0.149609 0.165972 0.038281 0.048611
3 0.953516 0.786111 0.091406 0.200000
1 0.758984 0.052778 0.025781 0.025000
1 0.905859 0.932639 0.186719 0.131944
3 0.069531 0.068750 0.020313 0.034722
3 0.338672 0.122222 0.046094 0.038889
1 0.179297 0.318056 0.088281 0.133333
3 0.599219 0.076389 0.040625 0.041667
3 0.185156 0.127778 0.046875 0.083333
3 0.445312 0.410417 0.196875 0.270833
1 0.641016 0.968056 0.139844 0.061111
1 0.057422 0.207639 0.035156 0.054167
1 0.340625 0.122917 0.050000 0.043056
1 0.184766 0.128472 0.047656 0.081944
3 0.398828 0.165278 0.091406 0.077778
1 0.025781 0.163194 0.025000 0.040278
3 0.723047 0.084722 0.044531 0.061111
1 0.723437 0.271528 0.090625 0.090278
0 0.803906 0.025000 0.009375 0.041667
