3 0.616797 0.181944 0.055469 0.083333
1 0.751953 0.083333 0.028906 0.036111
3 0.166797 0.243056 0.121094 0.108333
1 0.101562 0.177778 0.034375 0.050000
1 0.927734 0.098611 0.013281 0.022222
1 0.703516 0.094444 0.039844 0.047222
3 0.883984 0.102778 0.019531 0.025000
1 0.899609 0.126389 0.021094 0.030556
1 0.783984 0.060417 0.021094 0.026389
1 0.807422 0.086806 0.027344 0.031944
1 0.190625 0.067361 0.028125 0.026389
1 0.875000 0.067361 0.017188 0.020833
3 0.819922 0.131250 0.036719 0.043056
3 0.616797 0.182639 0.057031 0.084722
1 0.300000 0.069444 0.046875 0.033333
