3 0.598047 0.080556 0.036719 0.038889
3 0.701172 0.096528 0.050781 0.056944
1 0.883203 0.099306 0.017969 0.026389
1 0.645703 0.228472 0.096094 0.076389
1 0.555078 0.056250 0.049219 0.043056
1 0.787109 0.147917 0.046094 0.056944
1 0.178125 0.181944 0.048438 0.058333
1 0.803516 0.056944 0.021094 0.025000
3 0.906641 0.090278 0.019531 0.027778
1 0.748828 0.204861 0.067969 0.076389
1 0.377734 0.018056 0.060156 0.036111
1 0.085547 0.127083 0.027344 0.043056
1 0.839453 0.055556 0.021094 0.022222
1 0.561719 0.452778 0.176563 0.133333
1 0.660547 0.078472 0.044531 0.048611
