1 0.161328 0.286806 0.100781 0.098611
1 0.658203 0.220833 0.072656 0.075000
1 0.021875 0.326389 0.043750 0.083333
1 0.758203 0.227778 0.060156 0.080556
1 0.105859 0.181944 0.036719 0.058333
1 0.699609 0.119444 0.049219 0.058333
1 0.321094 0.168056 0.078125 0.072222
1 0.883203 0.174306 0.032031 0.054167
1 0.508203 0.129861 0.067969 0.056944
3 0.079687 0.162500 0.034375 0.052778
1 0.915234 0.140972 0.021094 0.037500
1 0.855859 0.152083 0.028906 0.045833
2 0.582422 0.065972 0.110156 0.090278
2 0.018750 0.199306 0.037500 0.120833
3 0.305078 0.438194 0.153906 0.170833
2 0.758594 0.227083 0.060937 0.081944
