1 0.251953 0.285417 0.082031 0.109722
3 0.142969 0.205556 0.048438 0.072222
2 0.060156 0.296528 0.104688 0.212500
1 0.146875 0.165972 0.037500 0.043056
1 0.419141 0.552083 0.185156 0.248611
1 0.061328 0.203472 0.042969 0.051389
3 0.058594 0.143750 0.025000 0.031944
1 0.763672 0.050000 0.024219 0.025000
1 0.086328 0.160417 0.033594 0.054167
1 0.032813 0.166667 0.028125 0.041667
1 0.008984 0.143056 0.017969 0.030556
3 0.640625 0.219444 0.120313 0.100000
3 0.641406 0.219444 0.121875 0.100000
3 0.564453 0.159722 0.083594 0.066667
