3 0.597266 0.079861 0.036719 0.043056
3 0.700391 0.096528 0.049219 0.056944
1 0.838672 0.124306 0.025781 0.037500
1 0.305078 0.215972 0.086719 0.081944
1 0.658984 0.075694 0.039844 0.048611
1 0.312891 0.068750 0.050781 0.043056
1 0.085547 0.056944 0.016406 0.022222
1 0.630859 0.169444 0.092969 0.069444
1 0.109375 0.147222 0.029687 0.036111
1 0.813672 0.056250 0.019531 0.026389
3 0.870703 0.105556 0.024219 0.036111
1 0.508594 0.224306 0.110937 0.090278
1 0.378516 0.018056 0.060156 0.033333
1 0.016016 0.065278 0.014844 0.019444
