3 0.783203 0.856944 0.233594 0.277778
1 0.738672 0.113194 0.038281 0.043056
1 0.491406 0.257639 0.065625 0.129167
1 0.232422 0.071528 0.033594 0.031944
1 0.177344 0.060417 0.025000 0.031944
1 0.017578 0.225000 0.035156 0.069444
1 0.055078 0.197917 0.032031 0.048611
0 0.939453 0.257639 0.013281 0.054167
1 0.101562 0.170139 0.035937 0.051389
0 0.924609 0.243750 0.013281 0.056944
1 0.071875 0.158333 0.025000 0.036111
3 0.673438 0.090972 0.056250 0.073611
1 0.142969 0.349306 0.110937 0.115278
2 0.377734 0.017361 0.060156 0.034722
1 0.008594 0.140972 0.017188 0.031944
0 0.316016 0.052778 0.007031 0.030556
1 0.366406 0.160417 0.042188 0.076389
