1 0.151562 0.169444 0.039062 0.050000
3 0.598047 0.077778 0.038281 0.041667
3 0.701953 0.097222 0.047656 0.050000
1 0.150391 0.125000 0.022656 0.033333
1 0.287891 0.302778 0.119531 0.091667
1 0.660547 0.072222 0.036719 0.047222
1 0.081250 0.126389 0.020313 0.038889
1 0.710547 0.072917 0.032031 0.034722
3 0.182031 0.083333 0.048438 0.066667
1 0.811328 0.502083 0.153906 0.145833
1 0.843359 0.054167 0.014844 0.022222
1 0.544922 0.156944 0.072656 0.058333
1 0.422266 0.070833 0.052344 0.038889
1 0.065234 0.072917 0.013281 0.023611
