1 0.081250 0.073611 0.012500 0.019444
1 0.030469 0.247222 0.040625 0.077778
1 0.073438 0.216667 0.037500 0.058333
1 0.129688 0.190278 0.042188 0.063889
1 0.082031 0.164583 0.029687 0.037500
1 0.938672 0.097222 0.013281 0.019444
0 0.939453 0.254861 0.011719 0.054167
1 0.051172 0.145139 0.035156 0.031944
1 0.015234 0.147917 0.030469 0.037500
1 0.887891 0.135417 0.024219 0.040278
0 0.253125 0.044444 0.006250 0.025000
1 0.147656 0.087500 0.031250 0.038889
3 0.147266 0.086806 0.032031 0.040278
1 0.213281 0.072222 0.031250 0.027778
