0 0.835547 0.200000 0.013281 0.052778
1 0.103516 0.243750 0.047656 0.079167
1 0.796094 0.057639 0.020313 0.026389
1 0.283203 0.422222 0.114844 0.144444
1 0.210547 0.252778 0.061719 0.077778
1 0.373047 0.099306 0.055469 0.043056
3 0.204297 0.546528 0.158594 0.251389
3 0.169922 0.074306 0.027344 0.037500
1 0.740234 0.284028 0.097656 0.087500
1 0.822266 0.281250 0.088281 0.087500
3 0.039453 0.260417 0.052344 0.112500
1 0.114453 0.185417 0.039844 0.051389
1 0.622656 0.275694 0.104688 0.084722
3 0.047656 0.131250 0.028125 0.056944
