0 0.562109 0.093750 0.008594 0.045833
3 0.608594 0.105556 0.007812 0.038889
1 0.469922 0.125000 0.064844 0.052778
1 0.643750 0.088194 0.043750 0.045833
1 0.505859 0.393056 0.161719 0.113889
3 0.143359 0.086806 0.047656 0.045833
3 0.205859 0.071528 0.047656 0.065278
3 0.919141 0.138889 0.024219 0.038889
3 0.316016 0.083333 0.057031 0.050000
3 0.383203 0.159028 0.097656 0.093056
3 0.213672 0.073611 0.050781 0.063889
1 0.792578 0.050000 0.017969 0.019444
1 0.954688 0.587500 0.089063 0.125000
1 0.872266 0.421528 0.119531 0.109722
