3 0.392969 0.102778 0.073438 0.061111
1 0.150391 0.168056 0.038281 0.047222
1 0.752734 0.052778 0.021094 0.027778
1 0.235156 0.373611 0.114062 0.169444
3 0.599219 0.076389 0.040625 0.041667
3 0.188281 0.065278 0.028125 0.033333
3 0.185156 0.140972 0.051562 0.062500
3 0.590234 0.514583 0.242969 0.337500
1 0.069922 0.222222 0.039844 0.061111
1 0.185156 0.140972 0.050000 0.062500
3 0.348828 0.144444 0.074219 0.069444
1 0.029687 0.168750 0.026562 0.043056
3 0.719922 0.085417 0.044531 0.062500
1 0.652344 0.233333 0.089063 0.083333
0 0.803516 0.023611 0.007031 0.038889
