1 0.154297 0.170139 0.039844 0.051389
3 0.598437 0.078472 0.039062 0.043056
3 0.701562 0.096528 0.050000 0.054167
1 0.151562 0.127083 0.026562 0.034722
1 0.062891 0.118056 0.027344 0.030556
1 0.660156 0.075000 0.039062 0.052778
1 0.166016 0.097222 0.030469 0.041667
1 0.083594 0.127778 0.021875 0.036111
1 0.209766 0.356250 0.122656 0.095833
1 0.805859 0.059028 0.017969 0.023611
1 0.264062 0.084028 0.035937 0.029167
1 0.381250 0.076389 0.050000 0.030556
3 0.762891 0.475000 0.192969 0.200000
1 0.376953 0.018056 0.058594 0.036111
1 0.653125 0.285417 0.123438 0.109722
