3 0.665625 0.107639 0.056250 0.056944
0 0.249219 0.131944 0.010937 0.050000
0 0.307422 0.121528 0.011719 0.043056
1 0.912109 0.113889 0.016406 0.025000
1 0.876953 0.136806 0.024219 0.034722
0 0.285938 0.115972 0.012500 0.043056
3 0.237891 0.069444 0.038281 0.038889
3 0.823828 0.128472 0.038281 0.048611
3 0.228516 0.204167 0.105469 0.097222
1 0.012891 0.337500 0.025781 0.063889
3 0.621484 0.066667 0.046094 0.044444
1 0.727734 0.090278 0.039844 0.038889
3 0.551562 0.276389 0.123438 0.133333
3 0.716016 0.047917 0.047656 0.051389
3 0.566406 0.110417 0.065625 0.051389
1 0.006641 0.547917 0.013281 0.095833
