1 0.150391 0.168750 0.039844 0.048611
3 0.191406 0.151389 0.046875 0.044444
3 0.453906 0.559722 0.237500 0.344444
3 0.600000 0.075694 0.042188 0.043056
3 0.076172 0.094444 0.022656 0.030556
3 0.701953 0.096528 0.049219 0.051389
1 0.595703 0.381250 0.144531 0.126389
1 0.424609 0.069444 0.053906 0.038889
1 0.751953 0.242361 0.085156 0.079167
3 0.287109 0.112500 0.094531 0.100000
1 0.078125 0.125694 0.020313 0.034722
1 0.017188 0.151389 0.025000 0.038889
1 0.007812 0.184028 0.015625 0.059722
1 0.005078 0.102778 0.010156 0.025000
