3 0.497266 0.257639 0.071094 0.123611
1 0.821484 0.079861 0.021094 0.031944
1 0.616016 0.121528 0.057031 0.068056
1 0.369141 0.069444 0.055469 0.038889
1 0.271875 0.068750 0.040625 0.037500
1 0.016797 0.224306 0.033594 0.065278
1 0.055469 0.196528 0.032813 0.048611
0 0.938672 0.260417 0.010156 0.043056
1 0.083594 0.159028 0.034375 0.048611
1 0.257422 0.225000 0.083594 0.077778
0 0.925391 0.243056 0.010156 0.047222
1 0.055469 0.145139 0.025000 0.031944
3 0.637109 0.311111 0.074219 0.136111
3 0.498047 0.257639 0.071094 0.120833
3 0.726562 0.079861 0.045312 0.062500
