0 0.494141 0.085417 0.008594 0.029167
3 0.528125 0.088194 0.007812 0.037500
1 0.638672 0.088889 0.042969 0.041667
3 0.076172 0.075694 0.030469 0.029167
1 0.127734 0.086111 0.022656 0.027778
0 0.538672 0.091667 0.010156 0.038889
1 0.075391 0.121528 0.025781 0.029167
1 0.132031 0.204167 0.042188 0.066667
3 0.017578 0.130556 0.035156 0.097222
3 0.388672 0.126389 0.078906 0.072222
1 0.608594 0.073611 0.043750 0.041667
1 0.639453 0.279861 0.094531 0.087500
3 0.017969 0.130556 0.035937 0.097222
2 0.377734 0.017361 0.058594 0.034722
1 0.734375 0.461806 0.157812 0.148611
