3 0.599609 0.097222 0.008594 0.030556
1 0.403516 0.558333 0.172656 0.208333
1 0.644531 0.086111 0.042188 0.044444
1 0.873828 0.552083 0.161719 0.151389
3 0.171875 0.079861 0.050000 0.068056
3 0.307031 0.091667 0.071875 0.086111
1 0.527344 0.472917 0.171875 0.251389
1 0.438281 0.120139 0.062500 0.045833
3 0.362109 0.153472 0.086719 0.093056
3 0.307422 0.091667 0.072656 0.086111
3 0.873047 0.178472 0.038281 0.062500
3 0.596484 0.179167 0.152344 0.152778
1 0.094141 0.072222 0.033594 0.041667
1 0.094141 0.234028 0.057031 0.087500
