1 0.710547 0.122917 0.044531 0.048611
1 0.213672 0.066667 0.027344 0.027778
1 0.162109 0.059028 0.024219 0.029167
1 0.016797 0.224306 0.033594 0.068056
1 0.055859 0.196528 0.032031 0.048611
0 0.940234 0.256944 0.011719 0.052778
1 0.102734 0.170833 0.036719 0.050000
0 0.925391 0.246528 0.011719 0.051389
1 0.073828 0.160417 0.025781 0.040278
3 0.654297 0.095139 0.061719 0.079167
1 0.190625 0.303472 0.096875 0.101389
2 0.376172 0.017361 0.057031 0.034722
1 0.010156 0.143750 0.020313 0.031944
1 0.993359 0.101389 0.011719 0.038889
1 0.061719 0.497222 0.123438 0.144444
1 0.348828 0.132639 0.052344 0.065278
