1 0.151562 0.169444 0.037500 0.047222
3 0.134766 0.072917 0.021094 0.031944
3 0.598047 0.077083 0.036719 0.040278
3 0.701953 0.096528 0.047656 0.051389
1 0.148047 0.125000 0.030469 0.038889
1 0.521875 0.349306 0.135937 0.118056
1 0.187891 0.100694 0.033594 0.043056
1 0.172656 0.060417 0.020313 0.029167
1 0.659766 0.075694 0.039844 0.048611
1 0.189453 0.102083 0.035156 0.040278
1 0.081641 0.125694 0.021094 0.037500
1 0.212500 0.276389 0.073438 0.091667
1 0.710547 0.072222 0.032031 0.033333
3 0.407813 0.146528 0.126562 0.131944
3 0.567187 0.184028 0.106250 0.098611
1 0.905859 0.570833 0.138281 0.158333
