3 0.652734 0.146528 0.060156 0.073611
1 0.755078 0.082639 0.028906 0.034722
1 0.350781 0.150000 0.082812 0.077778
3 0.532813 0.095139 0.071875 0.051389
1 0.101562 0.177778 0.034375 0.050000
1 0.083203 0.063889 0.016406 0.025000
1 0.888672 0.125000 0.022656 0.036111
1 0.719922 0.093056 0.036719 0.041667
3 0.808203 0.142361 0.035156 0.043056
1 0.808984 0.202778 0.044531 0.055556
1 0.814453 0.056944 0.019531 0.025000
1 0.776563 0.061806 0.023438 0.023611
1 0.340234 0.072917 0.057031 0.037500
3 0.428516 0.155556 0.099219 0.086111
3 0.028906 0.060417 0.056250 0.037500
1 0.858203 0.073611 0.017969 0.025000
3 0.547266 0.273611 0.117969 0.111111
3 0.380859 0.509028 0.196094 0.193056
