3 0.665234 0.106944 0.053906 0.055556
1 0.276953 0.214583 0.088281 0.084722
1 0.783594 0.069444 0.032813 0.044444
0 0.284766 0.128472 0.008594 0.045833
0 0.209766 0.152083 0.011719 0.043056
0 0.271875 0.131944 0.009375 0.041667
1 0.889453 0.095833 0.017969 0.025000
1 0.028906 0.328472 0.057813 0.084722
1 0.873047 0.144444 0.028906 0.041667
1 0.791406 0.202083 0.046875 0.059722
0 0.255469 0.131944 0.009375 0.038889
3 0.394922 0.066667 0.066406 0.041667
3 0.670703 0.206250 0.085156 0.093056
3 0.514453 0.098611 0.074219 0.058333
1 0.346094 0.158333 0.079687 0.063889
1 0.005859 0.547917 0.011719 0.098611
