1 0.243359 0.243056 0.096094 0.086111
1 0.603516 0.251389 0.088281 0.083333
1 0.075000 0.290972 0.090625 0.104167
1 0.719922 0.256944 0.075781 0.094444
1 0.104688 0.181944 0.035937 0.058333
1 0.699219 0.118750 0.051562 0.062500
1 0.376172 0.145833 0.075781 0.069444
1 0.872266 0.186806 0.035156 0.059722
1 0.546484 0.117361 0.058594 0.051389
3 0.079687 0.161806 0.032813 0.051389
1 0.910547 0.148611 0.022656 0.038889
1 0.841016 0.161806 0.032031 0.051389
2 0.604297 0.061111 0.102344 0.083333
2 0.019141 0.200000 0.038281 0.125000
3 0.148047 0.551389 0.171094 0.205556
