1 0.691016 0.133333 0.047656 0.050000
1 0.200391 0.063194 0.028906 0.029167
1 0.150000 0.057639 0.021875 0.026389
1 0.016016 0.223611 0.032031 0.069444
1 0.054297 0.195833 0.030469 0.052778
0 0.941016 0.254861 0.010156 0.043056
1 0.101562 0.170833 0.037500 0.050000
0 0.927344 0.250694 0.007812 0.034722
1 0.073047 0.160417 0.024219 0.037500
3 0.638672 0.097222 0.063281 0.086111
1 0.219531 0.272222 0.084375 0.094444
1 0.994141 0.099306 0.010156 0.040278
1 0.112109 0.456250 0.122656 0.137500
1 0.942578 0.316667 0.050781 0.061111
1 0.332422 0.115972 0.058594 0.059722
