3 0.653125 0.111806 0.056250 0.059722
1 0.840234 0.052083 0.016406 0.020833
3 0.376563 0.019444 0.057813 0.036111
1 0.706641 0.093750 0.046094 0.048611
1 0.591797 0.056250 0.041406 0.029167
1 0.528125 0.061111 0.051562 0.038889
1 0.017578 0.225000 0.035156 0.069444
0 0.367188 0.058333 0.010937 0.038889
3 0.618359 0.090972 0.050781 0.051389
1 0.048047 0.190278 0.030469 0.047222
0 0.940234 0.220139 0.008594 0.040278
1 0.010937 0.107639 0.015625 0.020833
1 0.028906 0.119444 0.021875 0.030556
1 0.907813 0.044444 0.012500 0.019444
1 0.210938 0.364583 0.143750 0.143056
3 0.406641 0.161111 0.097656 0.086111
