3 0.070703 0.288194 0.096094 0.104167
3 0.700391 0.093750 0.046094 0.043056
1 0.676172 0.082639 0.033594 0.034722
1 0.377344 0.018750 0.057813 0.034722
1 0.378125 0.144444 0.078125 0.072222
1 0.141797 0.061806 0.017969 0.023611
1 0.782422 0.065972 0.035156 0.054167
1 0.816797 0.056944 0.021094 0.022222
0 0.125781 0.198611 0.014063 0.058333
1 0.816797 0.184028 0.041406 0.056944
0 0.912109 0.705556 0.044531 0.127778
1 0.869922 0.198611 0.033594 0.061111
3 0.718359 0.243056 0.085156 0.102778
1 0.508984 0.127778 0.061719 0.061111
1 0.656641 0.229167 0.075781 0.075000
0 0.051172 0.235417 0.013281 0.048611
0 0.850391 0.887500 0.049219 0.130556
1 0.546094 0.094444 0.045312 0.038889
1 0.049219 0.361111 0.098437 0.086111
