3 0.652734 0.111806 0.052344 0.056944
1 0.844922 0.052083 0.016406 0.020833
0 0.443359 0.072222 0.011719 0.052778
3 0.376953 0.017361 0.058594 0.034722
1 0.705078 0.094444 0.042969 0.044444
1 0.682422 0.075694 0.039844 0.040278
1 0.626172 0.053472 0.039844 0.029167
0 0.433594 0.065278 0.009375 0.036111
1 0.573828 0.055556 0.044531 0.036111
3 0.931641 0.118056 0.019531 0.036111
1 0.016797 0.225694 0.033594 0.068056
1 0.897266 0.095139 0.014844 0.020833
1 0.816016 0.054861 0.021094 0.020833
0 0.405078 0.086111 0.010156 0.038889
1 0.218750 0.247917 0.095312 0.087500
0 0.933203 0.225000 0.011719 0.044444
3 0.683984 0.204861 0.071094 0.079167
3 0.845313 0.051389 0.015625 0.016667
2 0.375781 0.018750 0.056250 0.034722
1 0.056641 0.510417 0.113281 0.173611
