1 0.304297 0.324306 0.099219 0.126389
3 0.164453 0.219444 0.055469 0.077778
2 0.074609 0.325694 0.121094 0.243056
1 0.145313 0.165972 0.037500 0.045833
1 0.617188 0.734028 0.242188 0.326389
1 0.073047 0.209722 0.044531 0.050000
3 0.061328 0.134722 0.025781 0.050000
1 0.058594 0.093750 0.018750 0.029167
1 0.755859 0.050694 0.025781 0.029167
1 0.093359 0.165278 0.036719 0.052778
3 0.468359 0.185417 0.107031 0.095833
1 0.036328 0.170833 0.027344 0.044444
1 0.010547 0.145139 0.021094 0.034722
3 0.571484 0.190972 0.110156 0.090278
3 0.571484 0.190278 0.110156 0.091667
3 0.502344 0.139583 0.078125 0.059722
