1 0.396875 0.172917 0.085938 0.070833
1 0.101562 0.178472 0.035937 0.051389
1 0.515234 0.212500 0.061719 0.102778
3 0.776953 0.059722 0.027344 0.030556
1 0.743359 0.087500 0.028906 0.036111
1 0.668750 0.106250 0.040625 0.045833
1 0.637500 0.169444 0.050000 0.063889
1 0.768359 0.100000 0.035156 0.036111
1 0.119531 0.060417 0.015625 0.015278
1 0.624219 0.093056 0.043750 0.038889
1 0.055078 0.095139 0.016406 0.023611
1 0.460938 0.120833 0.065625 0.050000
1 0.650391 0.063889 0.042969 0.038889
1 0.055078 0.095139 0.016406 0.020833
