1 0.148828 0.168056 0.038281 0.044444
3 0.190234 0.141667 0.046094 0.061111
3 0.110156 0.243056 0.067187 0.116667
3 0.600391 0.074306 0.041406 0.040278
3 0.702734 0.095833 0.047656 0.050000
3 0.128516 0.079861 0.027344 0.040278
1 0.607422 0.387500 0.146094 0.125000
1 0.429297 0.069444 0.049219 0.033333
1 0.412109 0.117361 0.060156 0.037500
1 0.712109 0.072917 0.030469 0.037500
1 0.697266 0.043056 0.028906 0.027778
3 0.519922 0.161111 0.067969 0.077778
3 0.608203 0.227778 0.188281 0.200000
0 0.805078 0.021528 0.008594 0.040278
1 0.078516 0.125000 0.024219 0.036111
1 0.719922 0.210417 0.061719 0.081944
