3 0.942578 0.770139 0.113281 0.237500
1 0.451953 0.150694 0.075781 0.062500
1 0.101562 0.178472 0.035937 0.051389
1 0.530078 0.185417 0.060156 0.095833
3 0.786328 0.059028 0.024219 0.029167
1 0.759375 0.081944 0.029687 0.033333
1 0.683594 0.101389 0.040625 0.047222
1 0.654687 0.152778 0.051562 0.061111
1 0.782422 0.095139 0.032031 0.037500
3 0.944141 0.746528 0.110156 0.190278
1 0.128906 0.061806 0.015625 0.018056
1 0.646875 0.086806 0.039062 0.037500
1 0.051172 0.094444 0.016406 0.019444
1 0.501172 0.108333 0.060156 0.047222
1 0.670703 0.059722 0.036719 0.036111
