3 0.662109 0.107639 0.050781 0.056944
0 0.375000 0.097222 0.007812 0.044444
0 0.303516 0.113194 0.011719 0.037500
0 0.357031 0.102778 0.012500 0.041667
0 0.328516 0.102083 0.010156 0.037500
3 0.127344 0.056250 0.020313 0.026389
3 0.899609 0.090972 0.017969 0.026389
1 0.749609 0.103472 0.042969 0.048611
3 0.319141 0.157639 0.099219 0.093056
1 0.714453 0.092361 0.027344 0.043056
3 0.536719 0.080556 0.073438 0.080556
3 0.020313 0.351389 0.040625 0.127778
1 0.828516 0.054861 0.016406 0.018056
1 0.115234 0.265278 0.096094 0.105556
3 0.669531 0.388889 0.160938 0.222222
1 0.006250 0.193750 0.012500 0.048611
3 0.560547 0.509722 0.103906 0.163889
1 0.006250 0.542361 0.012500 0.087500
