1 0.621094 0.227083 0.048438 0.084722
1 0.278125 0.167361 0.039062 0.065278
1 0.154688 0.059028 0.020313 0.023611
1 0.016016 0.223611 0.032031 0.072222
1 0.053516 0.196528 0.032031 0.051389
1 0.102344 0.170139 0.035937 0.054167
0 0.926953 0.252083 0.008594 0.045833
1 0.076563 0.163889 0.021875 0.036111
3 0.562109 0.131944 0.074219 0.111111
1 0.017188 0.152083 0.021875 0.037500
1 0.296484 0.288194 0.085156 0.101389
1 0.870703 0.253472 0.069531 0.081944
1 0.134766 0.339583 0.097656 0.098611
0 0.940234 0.258333 0.010156 0.047222
1 0.051562 0.144444 0.021875 0.027778
1 0.217969 0.081944 0.037500 0.038889
