0 0.683984 0.130556 0.008594 0.033333
1 0.158984 0.050694 0.016406 0.020833
1 0.095312 0.079167 0.021875 0.030556
1 0.163281 0.316667 0.073438 0.097222
1 0.466406 0.608333 0.268750 0.297222
1 0.646484 0.086806 0.041406 0.043056
1 0.926953 0.595139 0.144531 0.159722
3 0.500781 0.639583 0.271875 0.284722
0 0.708594 0.133333 0.009375 0.050000
3 0.465234 0.132639 0.108594 0.120833
1 0.226562 0.256944 0.078125 0.119444
1 0.610547 0.177083 0.082031 0.059722
3 0.589844 0.255556 0.135937 0.125000
3 0.464844 0.133333 0.109375 0.119444
3 0.243750 0.100000 0.070312 0.088889
1 0.136719 0.088194 0.025000 0.029167
1 0.046484 0.182639 0.039844 0.062500
