3 0.653516 0.110417 0.055469 0.059722
1 0.019531 0.322917 0.039062 0.093056
1 0.847266 0.051389 0.016406 0.016667
0 0.426953 0.081250 0.010156 0.040278
3 0.376172 0.017361 0.057031 0.034722
1 0.630078 0.054167 0.025781 0.027778
1 0.707031 0.090278 0.042188 0.047222
1 0.625781 0.054861 0.034375 0.023611
0 0.444531 0.073611 0.010937 0.041667
1 0.573047 0.056250 0.047656 0.037500
3 0.890234 0.148611 0.030469 0.050000
1 0.017188 0.223611 0.034375 0.077778
1 0.844922 0.121528 0.024219 0.031944
1 0.810547 0.056250 0.021094 0.023611
0 0.398047 0.093056 0.010156 0.041667
3 0.237500 0.235417 0.117188 0.109722
1 0.576172 0.106250 0.055469 0.045833
0 0.937891 0.216667 0.008594 0.041667
1 0.020703 0.322222 0.041406 0.094444
1 0.021875 0.525694 0.043750 0.104167
