3 0.673047 0.136111 0.057031 0.063889
1 0.754297 0.084722 0.027344 0.036111
3 0.090625 0.061806 0.029687 0.031944
3 0.383203 0.165278 0.172656 0.127778
1 0.579297 0.083333 0.049219 0.047222
3 0.644922 0.084028 0.053906 0.051389
1 0.102344 0.178472 0.034375 0.048611
0 0.137891 0.181944 0.016406 0.036111
1 0.152344 0.069444 0.023438 0.030556
1 0.795312 0.193056 0.043750 0.061111
1 0.721094 0.090972 0.035937 0.043056
3 0.604297 0.263194 0.089844 0.084722
1 0.403516 0.528472 0.172656 0.170833
0 0.240625 0.044444 0.006250 0.027778
1 0.825391 0.056250 0.019531 0.023611
1 0.798828 0.059028 0.021094 0.023611
1 0.564453 0.060417 0.046094 0.034722
