1 0.617578 0.249306 0.050781 0.093056
1 0.280078 0.159028 0.035156 0.062500
1 0.149219 0.057639 0.020313 0.023611
1 0.015625 0.222917 0.031250 0.073611
1 0.053516 0.196528 0.030469 0.048611
1 0.101562 0.170139 0.035937 0.054167
0 0.926953 0.251389 0.008594 0.050000
1 0.076563 0.163889 0.020313 0.033333
3 0.550781 0.138889 0.075000 0.113889
1 0.312500 0.271528 0.079687 0.093056
1 0.862109 0.242361 0.060156 0.079167
1 0.158203 0.318056 0.089844 0.094444
0 0.940234 0.258333 0.010156 0.047222
1 0.205078 0.079167 0.038281 0.038889
