3 0.498828 0.253472 0.071094 0.120833
1 0.822266 0.078472 0.022656 0.031944
1 0.617578 0.120833 0.055469 0.066667
1 0.372266 0.069444 0.053906 0.038889
1 0.273438 0.068056 0.040625 0.038889
1 0.016797 0.224306 0.033594 0.065278
1 0.055469 0.196528 0.031250 0.048611
0 0.938672 0.260417 0.010156 0.043056
1 0.083594 0.158333 0.032813 0.047222
1 0.267969 0.219444 0.084375 0.075000
0 0.925391 0.243056 0.010156 0.047222
1 0.055078 0.145139 0.022656 0.029167
3 0.635547 0.305556 0.071094 0.133333
3 0.498828 0.253472 0.071094 0.120833
3 0.726953 0.079167 0.044531 0.063889
1 0.634375 0.305556 0.073438 0.136111
