1 0.151562 0.169444 0.039062 0.047222
3 0.183594 0.081944 0.029687 0.033333
3 0.598047 0.077083 0.036719 0.040278
3 0.701953 0.095833 0.047656 0.052778
1 0.149609 0.125694 0.027344 0.034722
1 0.528516 0.350694 0.135156 0.118056
1 0.422266 0.070833 0.050781 0.036111
1 0.193750 0.063889 0.025000 0.033333
1 0.660156 0.076389 0.037500 0.044444
1 0.265234 0.079167 0.033594 0.033333
1 0.082422 0.124306 0.022656 0.034722
1 0.404687 0.543056 0.173437 0.216667
1 0.099219 0.184722 0.039062 0.052778
1 0.710547 0.071528 0.032031 0.031944
3 0.273438 0.127778 0.054688 0.058333
3 0.517578 0.127083 0.108594 0.098611
1 0.266016 0.078472 0.035156 0.034722
3 0.671094 0.259028 0.201563 0.204167
3 0.889453 0.354861 0.114844 0.143056
