1 0.151172 0.170139 0.038281 0.045833
3 0.190625 0.141667 0.048438 0.066667
3 0.598047 0.077778 0.038281 0.044444
3 0.701172 0.096528 0.047656 0.054167
1 0.594531 0.381250 0.142187 0.123611
1 0.421875 0.071528 0.048438 0.034722
1 0.659766 0.072222 0.038281 0.047222
1 0.455469 0.120833 0.046875 0.052778
3 0.146875 0.078472 0.045312 0.059722
1 0.082031 0.126389 0.025000 0.038889
1 0.072656 0.209722 0.040625 0.058333
1 0.065625 0.288194 0.060937 0.118056
1 0.028125 0.124306 0.021875 0.034722
3 0.741016 0.331250 0.136719 0.123611
1 0.180078 0.067361 0.024219 0.026389
2 0.146484 0.078472 0.044531 0.062500
