1 0.644531 0.370833 0.078125 0.144444
1 0.261328 0.130556 0.039844 0.052778
1 0.129297 0.058333 0.019531 0.022222
1 0.157031 0.072917 0.029687 0.031944
1 0.015234 0.218056 0.030469 0.080556
1 0.054297 0.196528 0.030469 0.048611
1 0.101953 0.170139 0.036719 0.054167
0 0.926953 0.250694 0.007031 0.040278
1 0.076563 0.163194 0.023438 0.037500
3 0.512109 0.177778 0.074219 0.141667
1 0.852734 0.210417 0.035156 0.070833
1 0.228906 0.237500 0.064062 0.080556
1 0.056641 0.147917 0.024219 0.029167
1 0.852734 0.209722 0.033594 0.069444
1 0.356641 0.207639 0.055469 0.079167
