3 0.665234 0.139583 0.057031 0.065278
1 0.753125 0.084722 0.028125 0.030556
3 0.075391 0.065972 0.019531 0.026389
3 0.245703 0.228472 0.199219 0.156944
1 0.523828 0.095833 0.060156 0.055556
3 0.633203 0.073611 0.053906 0.050000
1 0.101953 0.177083 0.033594 0.048611
0 0.078516 0.219444 0.021094 0.041667
1 0.123828 0.067361 0.019531 0.026389
1 0.839453 0.159722 0.033594 0.052778
1 0.721484 0.090972 0.036719 0.043056
3 0.703125 0.203472 0.062500 0.065278
1 0.623047 0.352778 0.103906 0.102778
1 0.823047 0.054861 0.016406 0.018056
1 0.794922 0.059028 0.022656 0.026389
1 0.495703 0.068750 0.052344 0.031944
3 0.594141 0.095139 0.063281 0.062500
3 0.041797 0.063194 0.080469 0.043056
