3 0.686719 0.097222 0.046875 0.058333
1 0.076172 0.335417 0.099219 0.106944
1 0.781641 0.068056 0.033594 0.050000
0 0.216797 0.162500 0.013281 0.052778
1 0.921484 0.104167 0.014844 0.025000
0 0.958594 0.533333 0.025000 0.091667
3 0.904297 0.112500 0.021094 0.038889
1 0.880859 0.102778 0.019531 0.030556
0 0.139453 0.186111 0.011719 0.050000
1 0.744141 0.172222 0.044531 0.058333
0 0.930859 0.659028 0.036719 0.179167
1 0.542969 0.121528 0.057813 0.054167
3 0.870703 0.204167 0.036719 0.063889
1 0.628516 0.335417 0.113281 0.109722
1 0.006641 0.548611 0.013281 0.097222
