3 0.666016 0.106250 0.057031 0.054167
1 0.029297 0.354861 0.058594 0.098611
1 0.784375 0.065972 0.034375 0.048611
0 0.305469 0.122917 0.012500 0.045833
0 0.230078 0.143750 0.010156 0.045833
0 0.289844 0.123611 0.012500 0.047222
1 0.895703 0.126389 0.022656 0.033333
1 0.843359 0.162500 0.032031 0.047222
0 0.272266 0.122917 0.011719 0.045833
3 0.305078 0.069444 0.052344 0.038889
3 0.765625 0.157639 0.054688 0.062500
3 0.392578 0.136806 0.091406 0.076389
1 0.173437 0.236111 0.089063 0.086111
1 0.732031 0.088194 0.037500 0.037500
3 0.236719 0.476389 0.200000 0.213889
1 0.006250 0.547222 0.012500 0.097222
