0 0.762109 0.163194 0.014844 0.048611
1 0.191016 0.057639 0.022656 0.026389
1 0.255469 0.084722 0.039062 0.047222
1 0.149219 0.440972 0.100000 0.187500
1 0.019531 0.155556 0.023438 0.036111
1 0.101562 0.171528 0.037500 0.051389
1 0.068359 0.075000 0.017969 0.025000
1 0.697266 0.075694 0.033594 0.034722
1 0.966797 0.620139 0.063281 0.109722
1 0.978125 0.835417 0.042188 0.162500
0 0.684766 0.139583 0.013281 0.029167
1 0.191797 0.109028 0.030469 0.043056
3 0.262891 0.270139 0.114844 0.176389
1 0.508203 0.218750 0.091406 0.070833
