3 0.651172 0.111806 0.052344 0.059722
1 0.819141 0.054861 0.021094 0.020833
1 0.704688 0.096528 0.042188 0.040278
1 0.075781 0.322917 0.107813 0.123611
1 0.616406 0.054861 0.040625 0.031944
1 0.556641 0.058333 0.049219 0.036111
1 0.016797 0.224306 0.033594 0.065278
1 0.200781 0.221528 0.081250 0.073611
0 0.380859 0.071528 0.011719 0.037500
3 0.897266 0.091667 0.013281 0.025000
1 0.038281 0.179167 0.029687 0.047222
1 0.446484 0.143056 0.074219 0.072222
1 0.012500 0.106944 0.017188 0.027778
1 0.173437 0.396528 0.151562 0.148611
