3 0.666016 0.106250 0.057031 0.054167
1 0.698438 0.057639 0.034375 0.034722
0 0.320312 0.111111 0.009375 0.044444
1 0.846484 0.049306 0.016406 0.020833
0 0.345703 0.097222 0.010156 0.033333
3 0.136328 0.250694 0.113281 0.109722
1 0.713672 0.091667 0.028906 0.038889
3 0.137109 0.250000 0.110156 0.108333
3 0.405469 0.117361 0.100000 0.106944
3 0.825781 0.230556 0.068750 0.116667
1 0.009766 0.206250 0.019531 0.056944
3 0.793359 0.277778 0.047656 0.080556
1 0.636719 0.047917 0.035937 0.031944
3 0.810547 0.247917 0.091406 0.145833
1 0.006250 0.548611 0.012500 0.097222
