3 0.469531 0.115278 0.051562 0.052778
3 0.696484 0.101389 0.039844 0.047222
1 0.835547 0.054861 0.017969 0.020833
1 0.378125 0.018750 0.057813 0.034722
1 0.923047 0.107639 0.016406 0.026389
1 0.616797 0.075694 0.044531 0.043056
1 0.277734 0.075000 0.042969 0.030556
1 0.787500 0.071528 0.032813 0.043056
1 0.816016 0.059028 0.022656 0.023611
0 0.061328 0.222917 0.011719 0.048611
0 0.048438 0.246528 0.014063 0.051389
1 0.380469 0.522222 0.178125 0.175000
0 0.804297 0.929861 0.064844 0.137500
1 0.300000 0.818750 0.209375 0.281944
