3 0.653906 0.112500 0.056250 0.058333
0 0.444531 0.073611 0.009375 0.052778
1 0.834766 0.053472 0.019531 0.020833
0 0.439063 0.080556 0.010937 0.038889
3 0.376953 0.018056 0.058594 0.036111
1 0.705469 0.094444 0.042188 0.044444
1 0.626172 0.054861 0.036719 0.029167
1 0.573828 0.055556 0.044531 0.036111
3 0.913672 0.131944 0.025781 0.041667
1 0.017578 0.223611 0.035156 0.072222
1 0.875391 0.105556 0.019531 0.030556
1 0.789453 0.055556 0.019531 0.033333
0 0.407422 0.090972 0.008594 0.043056
3 0.019531 0.369444 0.039062 0.097222
1 0.444922 0.150000 0.074219 0.063889
0 0.933984 0.220833 0.010156 0.044444
3 0.439453 0.348611 0.141406 0.130556
1 0.036328 0.513194 0.072656 0.123611
