3 0.935937 0.779167 0.126562 0.225000
2 0.599609 0.831250 0.510156 0.323611
1 0.146094 0.165278 0.039062 0.047222
1 0.522656 0.663194 0.220312 0.231944
3 0.124219 0.189583 0.042188 0.062500
1 0.801953 0.065972 0.028906 0.040278
1 0.313672 0.336111 0.107031 0.133333
1 0.098437 0.245139 0.048438 0.070833
1 0.033984 0.176389 0.028906 0.044444
3 0.216797 0.084028 0.039844 0.043056
3 0.216406 0.083333 0.040625 0.041667
3 0.167578 0.089583 0.035156 0.043056
1 0.011719 0.142361 0.023438 0.043056
3 0.454297 0.122222 0.063281 0.047222
3 0.417578 0.172222 0.085156 0.075000
3 0.506250 0.162500 0.098437 0.088889
3 0.670312 0.071528 0.039062 0.054167
3 0.816016 0.309722 0.157031 0.138889
