3 0.669141 0.138889 0.055469 0.063889
1 0.754297 0.084028 0.028906 0.034722
3 0.083984 0.062500 0.025781 0.033333
3 0.323437 0.195139 0.184375 0.129167
3 0.623047 0.088889 0.058594 0.055556
1 0.101953 0.179861 0.035156 0.054167
1 0.138281 0.068056 0.023438 0.030556
1 0.817578 0.175694 0.038281 0.054167
1 0.721484 0.090972 0.035156 0.040278
3 0.656641 0.232639 0.077344 0.073611
1 0.521094 0.432639 0.137500 0.131944
0 0.239063 0.045139 0.004687 0.023611
1 0.824609 0.055556 0.017969 0.019444
1 0.797656 0.057639 0.020313 0.023611
1 0.533203 0.063889 0.052344 0.033333
