3 0.661328 0.106944 0.060156 0.058333
1 0.559375 0.086111 0.057813 0.052778
0 0.422266 0.084028 0.007031 0.040278
0 0.405859 0.088194 0.010156 0.037500
1 0.827734 0.052778 0.017969 0.022222
0 0.374609 0.092361 0.013281 0.040278
3 0.905078 0.088889 0.017969 0.027778
1 0.769922 0.069444 0.035156 0.052778
1 0.710938 0.092361 0.032813 0.043056
3 0.900391 0.154861 0.038281 0.070833
1 0.589453 0.053472 0.044531 0.037500
3 0.900391 0.153472 0.039844 0.070833
3 0.806250 0.167361 0.050000 0.068056
3 0.612109 0.346528 0.127344 0.137500
1 0.014844 0.215278 0.029687 0.069444
1 0.005859 0.547917 0.011719 0.098611
