3 0.689063 0.099306 0.046875 0.051389
1 0.190625 0.264583 0.093750 0.090278
1 0.783203 0.068750 0.028906 0.048611
0 0.207422 0.165972 0.011719 0.048611
1 0.916016 0.106944 0.017969 0.027778
0 0.957422 0.561806 0.024219 0.123611
3 0.898047 0.117361 0.025781 0.043056
1 0.872266 0.109028 0.021094 0.031944
0 0.130469 0.188194 0.010937 0.048611
0 0.196094 0.161111 0.010937 0.050000
1 0.708203 0.190278 0.053906 0.066667
1 0.575000 0.086806 0.043750 0.040278
0 0.923047 0.681250 0.041406 0.190278
1 0.584375 0.109028 0.051562 0.048611
3 0.855078 0.225000 0.041406 0.069444
1 0.559766 0.390278 0.139844 0.127778
1 0.377344 0.018750 0.056250 0.034722
1 0.005859 0.547222 0.011719 0.091667
