1 0.151562 0.168750 0.039062 0.051389
3 0.133984 0.086806 0.021094 0.034722
3 0.598047 0.077778 0.038281 0.041667
3 0.701953 0.095139 0.047656 0.054167
1 0.150391 0.126389 0.025781 0.030556
1 0.453125 0.325694 0.131250 0.109722
1 0.183984 0.065278 0.025781 0.033333
1 0.660547 0.073611 0.036719 0.050000
1 0.081250 0.126389 0.020313 0.038889
1 0.642969 0.608333 0.206250 0.230556
3 0.261328 0.099306 0.074219 0.095833
3 0.343359 0.109722 0.064844 0.063889
1 0.866797 0.537500 0.155469 0.152778
1 0.163281 0.056250 0.020313 0.026389
1 0.780859 0.264583 0.091406 0.076389
1 0.421875 0.070833 0.053125 0.038889
1 0.005078 0.094444 0.010156 0.019444
