1 0.237109 0.113889 0.038281 0.041667
1 0.242188 0.114583 0.037500 0.040278
1 0.016797 0.220139 0.033594 0.073611
1 0.055078 0.196528 0.030469 0.048611
1 0.103125 0.171528 0.035937 0.054167
1 0.077734 0.164583 0.022656 0.037500
3 0.614062 0.584722 0.214062 0.427778
1 0.905859 0.156944 0.028906 0.047222
0 0.939453 0.256250 0.010156 0.045833
3 0.251953 0.204861 0.077344 0.098611
1 0.005859 0.133333 0.011719 0.033333
1 0.901563 0.040972 0.012500 0.026389
1 0.320703 0.098611 0.038281 0.044444
1 0.320312 0.097917 0.040625 0.045833
