1 0.285547 0.310417 0.094531 0.120833
3 0.157422 0.215278 0.055469 0.077778
2 0.069922 0.314583 0.114844 0.234722
1 0.145703 0.165972 0.038281 0.045833
1 0.548828 0.669444 0.225781 0.302778
1 0.070703 0.207639 0.041406 0.051389
3 0.061328 0.134722 0.025781 0.050000
1 0.757422 0.051389 0.025781 0.027778
1 0.090625 0.164583 0.035937 0.054167
3 0.490234 0.194444 0.117969 0.100000
1 0.035156 0.168750 0.026562 0.043056
1 0.009766 0.144444 0.019531 0.033333
3 0.591016 0.197917 0.114844 0.095833
3 0.591406 0.197917 0.114062 0.095833
