3 0.699609 0.096528 0.046094 0.048611
1 0.633594 0.092361 0.043750 0.040278
1 0.262891 0.191667 0.083594 0.083333
1 0.779297 0.068750 0.038281 0.054167
1 0.816797 0.057639 0.022656 0.023611
0 0.144531 0.193056 0.012500 0.055556
1 0.850391 0.157639 0.030469 0.045833
0 0.926953 0.668750 0.038281 0.129167
1 0.898828 0.164583 0.027344 0.048611
3 0.785937 0.195833 0.057813 0.083333
1 0.391797 0.170833 0.080469 0.077778
1 0.735547 0.184028 0.047656 0.054167
0 0.067969 0.227778 0.015625 0.050000
0 0.875391 0.813194 0.044531 0.104167
1 0.467578 0.118056 0.063281 0.050000
0 0.135156 0.193056 0.012500 0.052778
1 0.096094 0.599306 0.150000 0.184722
1 0.694141 0.063889 0.028906 0.022222
1 0.694141 0.063889 0.028906 0.022222
