3 0.560156 0.156944 0.068750 0.083333
1 0.850391 0.066667 0.016406 0.022222
1 0.673438 0.101389 0.048438 0.050000
1 0.475391 0.064583 0.052344 0.040278
1 0.358594 0.069444 0.054688 0.038889
1 0.017578 0.224306 0.035156 0.065278
1 0.055859 0.196528 0.033594 0.048611
0 0.939453 0.254861 0.011719 0.056944
1 0.067578 0.149306 0.027344 0.037500
1 0.592578 0.101389 0.049219 0.041667
0 0.923828 0.244444 0.010156 0.050000
3 0.165625 0.256250 0.120313 0.148611
1 0.042969 0.138194 0.020313 0.023611
3 0.638672 0.165278 0.058594 0.080556
3 0.494922 0.109028 0.072656 0.054167
3 0.560547 0.158333 0.067969 0.080556
2 0.375781 0.018750 0.054688 0.034722
1 0.251953 0.329167 0.132031 0.130556
