3 0.659375 0.107639 0.042188 0.051389
0 0.365625 0.094444 0.009375 0.038889
0 0.294922 0.122917 0.013281 0.045833
0 0.321875 0.103472 0.012500 0.040278
3 0.140625 0.058333 0.021875 0.027778
3 0.893359 0.090972 0.021094 0.031944
1 0.755078 0.102778 0.046094 0.050000
3 0.391016 0.131944 0.092969 0.075000
1 0.716406 0.094444 0.032813 0.038889
3 0.575391 0.070833 0.066406 0.072222
3 0.104297 0.302778 0.124219 0.144444
1 0.834766 0.052778 0.019531 0.022222
1 0.201172 0.216667 0.091406 0.094444
3 0.512891 0.550694 0.252344 0.337500
1 0.004297 0.189583 0.008594 0.043056
1 0.006250 0.548611 0.012500 0.094444
