1 0.775391 0.668750 0.199219 0.259722
3 0.326172 0.331944 0.111719 0.136111
2 0.202734 0.551389 0.288281 0.527778
1 0.146484 0.165278 0.038281 0.044444
1 0.145703 0.287500 0.066406 0.077778
3 0.077344 0.156250 0.032813 0.048611
1 0.827734 0.064583 0.022656 0.029167
1 0.143750 0.204861 0.046875 0.070833
1 0.053906 0.190972 0.031250 0.048611
1 0.019141 0.156250 0.022656 0.034722
3 0.358984 0.116667 0.074219 0.061111
3 0.358984 0.116667 0.074219 0.061111
3 0.320312 0.092361 0.046875 0.031944
1 0.005859 0.129167 0.011719 0.033333
3 0.736328 0.236806 0.088281 0.073611
3 0.813672 0.374306 0.128906 0.120833
3 0.848047 0.327778 0.128906 0.127778
3 0.277734 0.118056 0.069531 0.063889
