3 0.652734 0.111111 0.053906 0.058333
1 0.818359 0.054861 0.021094 0.020833
0 0.442578 0.070833 0.010156 0.052778
3 0.377344 0.017361 0.057813 0.034722
1 0.705859 0.094444 0.041406 0.044444
1 0.685547 0.075000 0.036719 0.038889
1 0.626172 0.053472 0.039844 0.029167
0 0.433984 0.066667 0.008594 0.038889
1 0.573828 0.055556 0.044531 0.036111
3 0.930078 0.120833 0.021094 0.036111
1 0.016797 0.225694 0.033594 0.068056
1 0.895703 0.095833 0.013281 0.019444
0 0.405859 0.086111 0.011719 0.038889
1 0.239453 0.237500 0.094531 0.083333
0 0.933203 0.224306 0.013281 0.045833
3 0.671484 0.211111 0.075781 0.086111
3 0.846484 0.052083 0.014844 0.015278
2 0.376563 0.018750 0.056250 0.034722
1 0.007031 0.140972 0.014063 0.031944
1 0.055469 0.512500 0.110937 0.172222
