3 0.598047 0.079167 0.038281 0.041667
3 0.701172 0.096528 0.049219 0.054167
1 0.880078 0.098611 0.017969 0.027778
1 0.624609 0.228472 0.099219 0.079167
1 0.564453 0.055556 0.049219 0.041667
1 0.229687 0.070139 0.032813 0.037500
1 0.779297 0.152083 0.050781 0.059722
1 0.169922 0.178472 0.044531 0.056944
1 0.803516 0.058333 0.022656 0.027778
3 0.905078 0.091667 0.017969 0.025000
1 0.738281 0.207639 0.071875 0.079167
1 0.377734 0.018056 0.060156 0.036111
1 0.084375 0.127778 0.026562 0.038889
1 0.844141 0.054861 0.027344 0.020833
1 0.614844 0.465972 0.178125 0.137500
1 0.014844 0.061111 0.023438 0.030556
