3 0.652344 0.109722 0.054688 0.058333
1 0.808203 0.057639 0.021094 0.023611
3 0.377344 0.018750 0.056250 0.034722
1 0.705078 0.095833 0.044531 0.041667
1 0.610938 0.054861 0.039062 0.029167
1 0.551562 0.057639 0.048438 0.034722
1 0.017188 0.225000 0.034375 0.069444
1 0.046484 0.316667 0.083594 0.091667
0 0.378516 0.066667 0.010156 0.038889
0 0.924609 0.245833 0.010156 0.041667
1 0.042188 0.181944 0.028125 0.047222
0 0.940234 0.245139 0.011719 0.076389
1 0.350391 0.179861 0.088281 0.087500
1 0.017188 0.110417 0.012500 0.023611
1 0.182422 0.387500 0.149219 0.150000
