1 0.149609 0.167361 0.033594 0.045833
3 0.317578 0.318750 0.100781 0.118056
1 0.767188 0.075000 0.035937 0.050000
1 0.312891 0.477778 0.132031 0.169444
1 0.087109 0.237500 0.044531 0.066667
3 0.130078 0.068056 0.024219 0.033333
3 0.163672 0.130556 0.038281 0.052778
1 0.035156 0.168750 0.032813 0.054167
3 0.186328 0.102083 0.033594 0.045833
3 0.161328 0.129861 0.042969 0.051389
3 0.084375 0.152778 0.039062 0.072222
1 0.016797 0.223611 0.032031 0.063889
1 0.009766 0.144444 0.019531 0.033333
3 0.406641 0.126389 0.103906 0.077778
