3 0.657813 0.108333 0.050000 0.055556
1 0.563672 0.084722 0.053906 0.050000
0 0.421484 0.083333 0.005469 0.038889
0 0.405078 0.088889 0.011719 0.038889
1 0.827734 0.053472 0.017969 0.020833
0 0.374609 0.093056 0.013281 0.041667
3 0.904297 0.089583 0.017969 0.026389
1 0.769141 0.069444 0.036719 0.052778
1 0.711328 0.091667 0.032031 0.041667
1 0.589453 0.052778 0.044531 0.036111
0 0.405859 0.088194 0.010156 0.037500
1 0.590234 0.052083 0.042969 0.037500
3 0.899609 0.155556 0.041406 0.072222
3 0.800391 0.169444 0.050781 0.069444
3 0.610156 0.349306 0.129688 0.140278
1 0.014844 0.215278 0.029687 0.069444
1 0.005859 0.547917 0.011719 0.098611
