3 0.666016 0.105556 0.053906 0.055556
0 0.351172 0.100000 0.010156 0.038889
0 0.281641 0.123611 0.010156 0.047222
0 0.338672 0.104861 0.013281 0.040278
1 0.910547 0.112500 0.017969 0.030556
0 0.309766 0.109722 0.010156 0.041667
3 0.167187 0.060417 0.025000 0.029167
3 0.876172 0.099306 0.022656 0.034722
1 0.765234 0.097222 0.041406 0.047222
3 0.496484 0.101389 0.072656 0.061111
1 0.719922 0.092361 0.035156 0.037500
3 0.766797 0.156944 0.053906 0.069444
3 0.633203 0.059722 0.055469 0.063889
3 0.311719 0.203472 0.114062 0.090278
1 0.932422 0.097917 0.014844 0.020833
1 0.843359 0.052083 0.016406 0.020833
1 0.088672 0.901389 0.177344 0.188889
1 0.005859 0.548611 0.011719 0.094444
