1 0.943359 0.100000 0.014844 0.022222
1 0.105078 0.181944 0.036719 0.058333
1 0.692969 0.123611 0.051562 0.063889
3 0.079687 0.161806 0.032813 0.054167
2 0.019141 0.199306 0.038281 0.123611
1 0.906641 0.118750 0.017969 0.029167
3 0.650391 0.083333 0.052344 0.050000
3 0.540625 0.093056 0.067187 0.052778
1 0.860547 0.145139 0.028906 0.043056
1 0.022656 0.529861 0.045312 0.098611
1 0.652734 0.225000 0.074219 0.083333
1 0.378125 0.017361 0.059375 0.034722
1 0.487109 0.134722 0.067969 0.055556
3 0.820703 0.133333 0.028906 0.036111
