1 0.153125 0.170139 0.039062 0.048611
3 0.598047 0.078472 0.038281 0.043056
3 0.701562 0.096528 0.048438 0.051389
1 0.151953 0.126389 0.024219 0.036111
1 0.659766 0.075694 0.039844 0.048611
1 0.179297 0.107639 0.035156 0.051389
1 0.082812 0.127778 0.023438 0.036111
1 0.711328 0.072222 0.033594 0.038889
3 0.174219 0.052778 0.031250 0.052778
1 0.291406 0.351389 0.132812 0.094444
1 0.809766 0.057639 0.019531 0.026389
1 0.282422 0.085417 0.036719 0.031944
1 0.392969 0.075000 0.051562 0.030556
3 0.821484 0.507639 0.192969 0.206944
1 0.377734 0.018056 0.058594 0.036111
