3 0.662109 0.140972 0.058594 0.068056
1 0.755078 0.082639 0.030469 0.037500
3 0.189453 0.262500 0.203906 0.161111
1 0.501172 0.102083 0.063281 0.056944
3 0.622266 0.070139 0.058594 0.043056
1 0.101562 0.177778 0.035937 0.052778
1 0.115234 0.066667 0.017969 0.025000
1 0.850391 0.153472 0.030469 0.045833
1 0.721094 0.090278 0.035937 0.041667
3 0.728516 0.191667 0.057031 0.055556
1 0.673047 0.313889 0.086719 0.088889
1 0.822266 0.056250 0.017969 0.018056
1 0.791797 0.058333 0.022656 0.025000
1 0.471875 0.068056 0.051562 0.030556
3 0.572266 0.104167 0.066406 0.063889
3 0.039062 0.063194 0.076563 0.045833
1 0.877734 0.065972 0.014844 0.018056
