3 0.857422 0.293750 0.116406 0.106944
1 0.147656 0.165972 0.037500 0.051389
3 0.526953 0.463889 0.155469 0.183333
1 0.754687 0.077083 0.037500 0.051389
1 0.575000 0.728472 0.221875 0.276389
1 0.131250 0.285417 0.060937 0.087500
3 0.111328 0.066667 0.022656 0.027778
1 0.050000 0.184722 0.037500 0.063889
3 0.609766 0.076389 0.032031 0.033333
3 0.206250 0.080556 0.037500 0.047222
3 0.171484 0.134722 0.041406 0.055556
3 0.110156 0.171528 0.048438 0.087500
1 0.042578 0.270833 0.042969 0.083333
1 0.015625 0.152083 0.021875 0.034722
1 0.787891 0.315972 0.103906 0.087500
1 0.171094 0.134722 0.043750 0.055556
3 0.319531 0.106250 0.082812 0.056944
