1 0.151562 0.168750 0.037500 0.045833
3 0.120313 0.083333 0.021875 0.036111
3 0.598047 0.077083 0.038281 0.040278
3 0.701953 0.093750 0.047656 0.056944
1 0.151562 0.125694 0.025000 0.034722
1 0.409766 0.314583 0.130469 0.106944
1 0.176563 0.063194 0.021875 0.031944
1 0.660156 0.072917 0.039062 0.048611
1 0.080859 0.126389 0.021094 0.038889
1 0.901172 0.801389 0.194531 0.263889
3 0.249609 0.092361 0.097656 0.087500
1 0.853516 0.527083 0.157031 0.148611
1 0.858203 0.051389 0.014844 0.019444
1 0.698828 0.222917 0.086719 0.070833
1 0.422266 0.070833 0.052344 0.036111
