3 0.654687 0.109722 0.056250 0.058333
1 0.364453 0.146528 0.085156 0.079167
0 0.441016 0.078472 0.010156 0.045833
1 0.803516 0.055556 0.022656 0.027778
0 0.398828 0.088194 0.010156 0.040278
3 0.376953 0.018750 0.058594 0.034722
1 0.709766 0.090278 0.042969 0.041667
1 0.709375 0.084028 0.039062 0.054167
1 0.639453 0.053472 0.035156 0.029167
0 0.428125 0.081250 0.009375 0.037500
1 0.575391 0.054861 0.044531 0.034722
3 0.803516 0.206944 0.057031 0.077778
1 0.016406 0.222222 0.032813 0.069444
1 0.723828 0.191667 0.050781 0.058333
1 0.007422 0.547222 0.014844 0.100000
