3 0.598047 0.079861 0.038281 0.043056
3 0.700391 0.096528 0.049219 0.056944
1 0.846484 0.119444 0.022656 0.033333
1 0.350781 0.222917 0.100000 0.081944
1 0.660156 0.076389 0.039062 0.047222
1 0.300391 0.069444 0.042969 0.038889
1 0.080859 0.056250 0.013281 0.020833
1 0.664453 0.167361 0.083594 0.068056
1 0.115625 0.150000 0.031250 0.038889
1 0.811328 0.056944 0.021094 0.027778
3 0.876953 0.102778 0.022656 0.033333
1 0.553125 0.223611 0.107813 0.088889
1 0.378516 0.019444 0.058594 0.036111
1 0.013672 0.065278 0.021094 0.022222
1 0.061719 0.116667 0.025000 0.033333
