3 0.598047 0.078472 0.036719 0.040278
3 0.701172 0.097222 0.049219 0.055556
1 0.876172 0.102083 0.017969 0.029167
1 0.596875 0.231250 0.101562 0.079167
1 0.571875 0.054167 0.045312 0.041667
1 0.237109 0.068056 0.033594 0.036111
1 0.769922 0.154167 0.053906 0.061111
1 0.160547 0.175000 0.042969 0.052778
1 0.805078 0.057639 0.021094 0.029167
1 0.722266 0.211111 0.077344 0.080556
1 0.378516 0.018056 0.061719 0.036111
1 0.080859 0.125694 0.028906 0.037500
1 0.844922 0.056250 0.024219 0.018056
1 0.682813 0.488194 0.176563 0.140278
