1 0.679297 0.446528 0.105469 0.179167
1 0.248828 0.122222 0.036719 0.047222
1 0.121875 0.058333 0.017188 0.019444
1 0.141406 0.070139 0.028125 0.031944
1 0.015625 0.220139 0.031250 0.076389
1 0.053516 0.196528 0.030469 0.048611
1 0.101953 0.170833 0.036719 0.052778
0 0.926953 0.250694 0.008594 0.040278
1 0.076563 0.163889 0.021875 0.036111
3 0.500000 0.201389 0.075000 0.152778
1 0.856641 0.199306 0.038281 0.065278
1 0.247266 0.211111 0.055469 0.072222
1 0.056250 0.147222 0.023438 0.030556
1 0.856641 0.200000 0.036719 0.063889
1 0.364844 0.186806 0.046875 0.073611
1 0.364453 0.186806 0.047656 0.073611
