3 0.536328 0.179167 0.069531 0.091667
1 0.841016 0.070139 0.019531 0.023611
1 0.655859 0.106944 0.050781 0.055556
1 0.437891 0.066667 0.050781 0.036111
1 0.323828 0.070139 0.050781 0.040278
1 0.017578 0.224306 0.035156 0.068056
1 0.055469 0.196528 0.032813 0.048611
0 0.939453 0.254861 0.010156 0.051389
1 0.073438 0.152778 0.031250 0.044444
1 0.504297 0.127778 0.061719 0.052778
0 0.924609 0.242361 0.011719 0.048611
3 0.029687 0.338889 0.059375 0.136111
1 0.046875 0.138889 0.021875 0.025000
3 0.621484 0.197917 0.055469 0.095833
3 0.351953 0.156250 0.092969 0.073611
3 0.536328 0.178472 0.072656 0.093056
