3 0.665625 0.106944 0.056250 0.055556
0 0.328516 0.111806 0.010156 0.048611
0 0.257422 0.138889 0.011719 0.036111
0 0.316016 0.114583 0.010156 0.043056
1 0.918359 0.106944 0.016406 0.025000
1 0.887109 0.129167 0.024219 0.036111
0 0.291406 0.115278 0.010937 0.044444
3 0.217969 0.067361 0.035937 0.034722
3 0.840234 0.118750 0.032031 0.043056
3 0.160547 0.240972 0.110156 0.104167
3 0.598828 0.072222 0.052344 0.044444
1 0.726172 0.091667 0.039844 0.036111
3 0.626172 0.234028 0.102344 0.115278
3 0.696484 0.049306 0.041406 0.051389
3 0.522266 0.120833 0.074219 0.063889
1 0.006250 0.549306 0.012500 0.093056
