1 0.151953 0.169444 0.039844 0.050000
1 0.216406 0.264583 0.068750 0.095833
3 0.246094 0.118056 0.037500 0.044444
3 0.601172 0.077778 0.041406 0.041667
3 0.169141 0.075000 0.024219 0.033333
3 0.191406 0.152083 0.046875 0.045833
1 0.779297 0.879861 0.188281 0.231944
3 0.701172 0.096528 0.046094 0.051389
1 0.169531 0.077083 0.025000 0.034722
3 0.095703 0.223611 0.071094 0.136111
1 0.910156 0.804861 0.178125 0.251389
3 0.292969 0.084028 0.065625 0.070833
3 0.433984 0.110417 0.085156 0.070833
1 0.593750 0.205556 0.085938 0.052778
3 0.616797 0.265972 0.122656 0.106944
1 0.920703 0.562500 0.147656 0.161111
1 0.921484 0.562500 0.149219 0.161111
