3 0.662891 0.105556 0.052344 0.055556
1 0.178516 0.261806 0.094531 0.104167
1 0.783594 0.065972 0.034375 0.051389
0 0.291797 0.127778 0.013281 0.047222
0 0.217188 0.149306 0.010937 0.043056
0 0.276172 0.128472 0.011719 0.043056
1 0.882422 0.136806 0.025781 0.040278
1 0.814453 0.183333 0.041406 0.055556
3 0.355469 0.067361 0.064062 0.043056
3 0.715234 0.182639 0.072656 0.079167
3 0.469141 0.111806 0.075781 0.062500
1 0.762109 0.041667 0.028906 0.041667
1 0.278906 0.184722 0.085938 0.069444
3 0.686328 0.075000 0.046094 0.038889
1 0.005859 0.530556 0.011719 0.063889
