3 0.657422 0.400000 0.108594 0.177778
1 0.609766 0.099306 0.060156 0.048611
1 0.102734 0.178472 0.033594 0.048611
1 0.933203 0.098611 0.016406 0.019444
1 0.619922 0.120139 0.055469 0.068056
1 0.813672 0.067361 0.021094 0.031944
1 0.625781 0.075694 0.042188 0.034722
1 0.728516 0.115278 0.039844 0.041667
1 0.828516 0.081944 0.024219 0.027778
3 0.890234 0.098611 0.021094 0.030556
3 0.657422 0.400000 0.107031 0.175000
1 0.178125 0.063194 0.025000 0.029167
1 0.715234 0.074306 0.025781 0.034722
0 0.245312 0.188889 0.014063 0.041667
3 0.205078 0.251389 0.111719 0.111111
