3 0.484766 0.111806 0.050781 0.051389
3 0.700000 0.096528 0.048438 0.054167
1 0.837109 0.056250 0.019531 0.020833
1 0.378125 0.020139 0.059375 0.034722
1 0.919922 0.110417 0.016406 0.026389
1 0.623437 0.074306 0.043750 0.043056
1 0.289453 0.075000 0.044531 0.033333
1 0.787500 0.071528 0.032813 0.043056
1 0.816016 0.059028 0.021094 0.023611
0 0.058594 0.228472 0.012500 0.048611
0 0.045312 0.249306 0.017188 0.054167
1 0.329688 0.563194 0.189062 0.190278
0 0.797266 0.936111 0.052344 0.125000
1 0.221875 0.873611 0.217188 0.247222
