1 0.151172 0.170139 0.039844 0.048611
3 0.331641 0.149306 0.064844 0.051389
1 0.123047 0.192361 0.042969 0.065278
3 0.167578 0.061806 0.025781 0.031944
3 0.598047 0.078472 0.038281 0.043056
1 0.192578 0.145833 0.046094 0.061111
1 0.276562 0.435417 0.117188 0.156944
3 0.701953 0.093750 0.049219 0.059722
1 0.218359 0.085417 0.038281 0.037500
3 0.049609 0.183333 0.058594 0.100000
1 0.378906 0.396528 0.131250 0.137500
3 0.405469 0.115278 0.087500 0.102778
3 0.560156 0.148611 0.098437 0.086111
1 0.848828 0.336806 0.096094 0.056944
3 0.872266 0.413194 0.128906 0.131944
1 0.964844 0.582639 0.068750 0.118056
