3 0.655859 0.145833 0.060156 0.069444
1 0.754297 0.081944 0.028906 0.036111
3 0.060937 0.347222 0.121875 0.138889
1 0.417578 0.127778 0.075781 0.069444
3 0.570703 0.082639 0.067969 0.045833
1 0.101562 0.177083 0.035937 0.054167
1 0.094141 0.064583 0.017969 0.023611
1 0.876172 0.134722 0.025781 0.038889
1 0.720703 0.090278 0.038281 0.044444
3 0.783203 0.155556 0.042969 0.050000
1 0.770703 0.234028 0.055469 0.065278
1 0.816797 0.056250 0.017969 0.020833
1 0.783203 0.060417 0.019531 0.023611
1 0.387109 0.070833 0.063281 0.036111
3 0.492578 0.130556 0.082031 0.075000
3 0.035547 0.061806 0.066406 0.034722
1 0.866016 0.071528 0.017969 0.023611
3 0.410938 0.356944 0.159375 0.141667
3 0.211328 0.645833 0.221094 0.241667
