1 0.784375 0.152083 0.039062 0.045833
1 0.848047 0.158333 0.032031 0.052778
1 0.104688 0.181944 0.035937 0.058333
1 0.698828 0.119444 0.049219 0.058333
1 0.039062 0.315972 0.078125 0.104167
1 0.916016 0.138889 0.022656 0.038889
1 0.268359 0.225000 0.094531 0.080556
3 0.079297 0.161806 0.033594 0.054167
1 0.897266 0.121528 0.021094 0.034722
2 0.467187 0.093750 0.157812 0.120833
2 0.018750 0.200000 0.037500 0.125000
3 0.673438 0.207639 0.067187 0.090278
1 0.670703 0.082639 0.039844 0.037500
1 0.450391 0.477083 0.158594 0.154167
1 0.376953 0.017361 0.057031 0.034722
3 0.811328 0.056250 0.019531 0.020833
