1 0.101953 0.177778 0.035156 0.052778
1 0.930859 0.100694 0.013281 0.020833
1 0.635938 0.112500 0.054688 0.063889
1 0.641797 0.071528 0.041406 0.034722
1 0.740625 0.109722 0.037500 0.041667
1 0.126172 0.062500 0.017969 0.013889
1 0.835547 0.079861 0.021094 0.029167
3 0.885547 0.099306 0.021094 0.031944
3 0.634375 0.352083 0.085938 0.156944
1 0.187891 0.064583 0.025781 0.023611
1 0.823828 0.063889 0.024219 0.030556
0 0.290234 0.170833 0.017969 0.041667
3 0.267969 0.220833 0.107813 0.100000
1 0.011328 0.061111 0.021094 0.025000
1 0.630078 0.094444 0.055469 0.044444
