3 0.512109 0.220833 0.078906 0.111111
1 0.829297 0.076389 0.019531 0.027778
1 0.632812 0.113889 0.054688 0.063889
1 0.396094 0.068750 0.056250 0.037500
1 0.289453 0.070833 0.044531 0.036111
1 0.016797 0.224306 0.033594 0.065278
1 0.055859 0.195833 0.033594 0.052778
1 0.080078 0.156250 0.032031 0.045833
1 0.362109 0.179861 0.082031 0.068056
1 0.051953 0.143750 0.025781 0.029167
3 0.621875 0.259028 0.062500 0.115278
3 0.139453 0.254167 0.105469 0.105556
3 0.511328 0.221528 0.074219 0.109722
1 0.277734 0.306250 0.124219 0.120833
