1 0.148047 0.167361 0.041406 0.045833
3 0.189062 0.140278 0.046875 0.061111
1 0.918359 0.790972 0.161719 0.256944
3 0.599609 0.074306 0.039844 0.043056
3 0.143750 0.088194 0.026562 0.031944
3 0.190234 0.140278 0.046094 0.058333
3 0.702734 0.095833 0.046094 0.047222
1 0.274219 0.071528 0.050000 0.051389
3 0.333594 0.436806 0.215625 0.329167
1 0.871094 0.741667 0.150000 0.216667
3 0.312891 0.134722 0.063281 0.066667
1 0.144922 0.296528 0.067969 0.106944
1 0.773438 0.471528 0.151562 0.143056
1 0.144531 0.297222 0.070312 0.108333
2 0.177734 0.065972 0.038281 0.059722
1 0.505078 0.063194 0.050781 0.031944
3 0.646484 0.200000 0.169531 0.169444
1 0.638672 0.279861 0.117969 0.109722
