1 0.150781 0.170139 0.037500 0.045833
3 0.193359 0.140278 0.042969 0.063889
1 0.376172 0.018056 0.058594 0.036111
3 0.595703 0.081250 0.033594 0.034722
3 0.701172 0.097222 0.049219 0.052778
1 0.141016 0.123611 0.030469 0.038889
1 0.595703 0.381944 0.144531 0.127778
1 0.421484 0.070833 0.052344 0.036111
1 0.660937 0.072222 0.037500 0.052778
1 0.582422 0.158333 0.071094 0.055556
3 0.200781 0.110417 0.062500 0.115278
1 0.082422 0.125000 0.027344 0.038889
1 0.039453 0.175000 0.028906 0.047222
1 0.023047 0.220139 0.036719 0.079167
1 0.367969 0.095833 0.054688 0.050000
