1 0.626172 0.212500 0.049219 0.080556
1 0.281250 0.176389 0.040625 0.069444
1 0.159766 0.059722 0.021094 0.022222
1 0.016016 0.223611 0.032031 0.072222
1 0.053125 0.195833 0.031250 0.050000
0 0.976172 0.193056 0.008594 0.041667
1 0.102344 0.170139 0.035937 0.054167
0 0.926953 0.249306 0.010156 0.048611
1 0.076563 0.163889 0.020313 0.036111
3 0.570703 0.127778 0.072656 0.108333
1 0.016406 0.150694 0.020313 0.034722
1 0.280859 0.304167 0.089844 0.102778
1 0.877734 0.261111 0.074219 0.083333
1 0.114453 0.359722 0.100781 0.105556
0 0.940234 0.258333 0.010156 0.047222
1 0.051562 0.145833 0.021875 0.027778
1 0.230469 0.084028 0.039062 0.040278
