3 0.688281 0.128472 0.053125 0.059722
1 0.055078 0.301389 0.086719 0.105556
1 0.755078 0.082639 0.028906 0.034722
3 0.126172 0.065278 0.025781 0.027778
1 0.203125 0.071528 0.032813 0.034722
3 0.513672 0.115278 0.133594 0.094444
1 0.631250 0.065972 0.042188 0.045833
3 0.693359 0.067361 0.044531 0.051389
1 0.100781 0.177778 0.035937 0.052778
0 0.216797 0.148611 0.008594 0.044444
1 0.202344 0.071528 0.034375 0.031944
1 0.697266 0.261111 0.077344 0.094444
1 0.721875 0.090972 0.035937 0.040278
3 0.382422 0.402083 0.147656 0.129167
