3 0.689844 0.205556 0.110937 0.091667
3 0.938672 0.754861 0.121094 0.187500
1 0.233203 0.391667 0.102344 0.133333
3 0.092188 0.063889 0.017188 0.025000
3 0.239453 0.086111 0.053906 0.047222
1 0.075781 0.213889 0.045312 0.075000
3 0.602734 0.076389 0.039844 0.041667
3 0.164062 0.072917 0.031250 0.043056
3 0.177734 0.136806 0.049219 0.056944
3 0.161328 0.209722 0.067969 0.116667
1 0.101562 0.370139 0.068750 0.129167
1 0.024219 0.166667 0.026562 0.038889
1 0.588281 0.212500 0.090625 0.072222
1 0.178125 0.136111 0.050000 0.058333
3 0.750000 0.331944 0.140625 0.119444
1 0.009375 0.142361 0.018750 0.031944
