1 0.637109 0.186806 0.050781 0.070833
1 0.168359 0.059722 0.022656 0.027778
1 0.123047 0.057639 0.017969 0.020833
1 0.016016 0.221528 0.032031 0.070833
1 0.053906 0.195833 0.031250 0.050000
0 0.975391 0.192361 0.008594 0.043056
1 0.101953 0.170833 0.035156 0.050000
1 0.076172 0.162500 0.022656 0.036111
3 0.587891 0.119444 0.072656 0.100000
2 0.376953 0.016667 0.058594 0.033333
1 0.016016 0.149306 0.021094 0.034722
1 0.248828 0.336111 0.097656 0.111111
1 0.895703 0.278472 0.082031 0.084722
1 0.071875 0.399306 0.107813 0.112500
0 0.983203 0.190972 0.008594 0.043056
1 0.251172 0.088194 0.049219 0.043056
