3 0.476953 0.438889 0.160156 0.191667
2 0.339453 0.677083 0.472656 0.626389
1 0.146094 0.166667 0.039062 0.050000
1 0.209375 0.353472 0.093750 0.101389
3 0.090234 0.165278 0.035156 0.055556
1 0.819141 0.065278 0.024219 0.033333
1 0.180859 0.234028 0.058594 0.084722
1 0.065625 0.206250 0.035937 0.056944
1 0.023047 0.162500 0.024219 0.038889
3 0.296484 0.102778 0.060156 0.052778
3 0.296484 0.100694 0.060156 0.054167
1 0.007812 0.135417 0.015625 0.040278
3 0.629297 0.184722 0.080469 0.061111
3 0.654297 0.281944 0.122656 0.105556
3 0.719922 0.257639 0.122656 0.118056
