0 0.714063 0.137500 0.012500 0.047222
3 0.731641 0.143056 0.008594 0.044444
1 0.132812 0.068750 0.023438 0.034722
1 0.143359 0.090278 0.025781 0.027778
1 0.067969 0.213889 0.039062 0.058333
1 0.419531 0.429861 0.151562 0.165278
1 0.658594 0.083333 0.039062 0.038889
1 0.946094 0.602083 0.106250 0.126389
3 0.152344 0.286111 0.084375 0.119444
3 0.432422 0.155556 0.139844 0.138889
3 0.434375 0.155556 0.139063 0.138889
3 0.826562 0.297917 0.156250 0.195833
1 0.005469 0.198611 0.010937 0.052778
1 0.165234 0.052778 0.017969 0.019444
1 0.020313 0.061806 0.040625 0.031944
1 0.107031 0.169444 0.040625 0.066667
1 0.891016 0.254167 0.075781 0.080556
1 0.100391 0.079167 0.016406 0.025000
1 0.214062 0.114583 0.040625 0.043056
