1 0.149609 0.168056 0.038281 0.047222
3 0.189453 0.140278 0.049219 0.063889
3 0.291016 0.410417 0.160156 0.237500
3 0.599609 0.076389 0.039844 0.038889
3 0.702734 0.095833 0.047656 0.047222
3 0.096094 0.074306 0.018750 0.031944
1 0.596094 0.380556 0.145313 0.130556
1 0.425391 0.068056 0.052344 0.036111
1 0.140625 0.084722 0.025000 0.036111
1 0.837891 0.290278 0.086719 0.086111
3 0.349609 0.129861 0.113281 0.115278
1 0.078516 0.125694 0.025781 0.034722
1 0.521875 0.136111 0.073438 0.061111
1 0.010156 0.143056 0.020313 0.036111
