3 0.654297 0.111111 0.057031 0.058333
0 0.443750 0.071528 0.009375 0.040278
3 0.376953 0.017361 0.058594 0.034722
1 0.705469 0.093056 0.042188 0.041667
1 0.604297 0.093750 0.053906 0.051389
1 0.626563 0.055556 0.039062 0.030556
0 0.423828 0.061806 0.008594 0.031944
1 0.573047 0.055556 0.046094 0.038889
3 0.943359 0.109028 0.017969 0.031944
1 0.017578 0.225000 0.035156 0.066667
1 0.680078 0.064583 0.033594 0.029167
0 0.400781 0.081250 0.010937 0.037500
0 0.931641 0.231250 0.011719 0.048611
3 0.796094 0.143750 0.035937 0.051389
3 0.829297 0.053472 0.016406 0.020833
2 0.375781 0.018750 0.056250 0.034722
1 0.014453 0.152083 0.019531 0.031944
1 0.080078 0.472917 0.160156 0.165278
