3 0.231250 0.197222 0.085938 0.077778
1 0.377344 0.017361 0.057813 0.034722
1 0.483984 0.111111 0.061719 0.055556
1 0.173047 0.064583 0.022656 0.029167
1 0.816797 0.056250 0.022656 0.023611
0 0.105859 0.202083 0.013281 0.048611
0 0.103516 0.215278 0.013281 0.050000
1 0.754297 0.233333 0.060156 0.072222
0 0.891016 0.766667 0.044531 0.125000
1 0.811328 0.268750 0.050781 0.081944
3 0.157031 0.280556 0.125000 0.119444
3 0.569141 0.355556 0.149219 0.169444
1 0.598828 0.097222 0.049219 0.052778
1 0.489453 0.329167 0.110156 0.102778
0 0.031250 0.246528 0.010937 0.045833
0 0.813281 0.959722 0.056250 0.077778
