3 0.666406 0.106250 0.057813 0.056944
1 0.783594 0.066667 0.037500 0.052778
0 0.314844 0.115972 0.007812 0.040278
0 0.241797 0.140278 0.011719 0.036111
0 0.302734 0.119444 0.011719 0.036111
1 0.905859 0.113194 0.021094 0.034722
1 0.866016 0.145139 0.027344 0.040278
0 0.280469 0.116667 0.010937 0.038889
3 0.262500 0.068056 0.039062 0.036111
3 0.805469 0.136806 0.042188 0.054167
3 0.294922 0.175694 0.102344 0.084722
1 0.053125 0.308333 0.092188 0.097222
1 0.729297 0.090972 0.039844 0.037500
3 0.452734 0.334722 0.160156 0.158333
1 0.006641 0.547917 0.013281 0.098611
