3 0.654297 0.111111 0.055469 0.055556
0 0.440625 0.068750 0.012500 0.051389
1 0.822266 0.054861 0.019531 0.020833
3 0.377344 0.017361 0.059375 0.034722
1 0.705469 0.093750 0.042188 0.043056
1 0.699609 0.073611 0.041406 0.041667
1 0.626172 0.053472 0.039844 0.029167
0 0.437109 0.070833 0.010156 0.047222
1 0.573047 0.055556 0.046094 0.038889
3 0.926172 0.125694 0.021094 0.031944
1 0.017188 0.225000 0.034375 0.069444
1 0.891797 0.096528 0.016406 0.023611
0 0.405469 0.086806 0.009375 0.037500
1 0.300000 0.208333 0.090625 0.077778
0 0.933203 0.224306 0.011719 0.045833
3 0.850391 0.051389 0.016406 0.019444
1 0.050781 0.504167 0.101562 0.144444
