0 0.700000 0.130556 0.009375 0.044444
1 0.239453 0.068750 0.024219 0.029167
1 0.118750 0.083333 0.021875 0.027778
1 0.098437 0.247222 0.050000 0.072222
1 0.802344 0.731250 0.223438 0.268056
1 0.651953 0.085417 0.041406 0.040278
1 0.939453 0.604861 0.119531 0.154167
3 0.241016 0.379167 0.138281 0.169444
3 0.330078 0.122917 0.100781 0.112500
3 0.643359 0.200694 0.144531 0.159722
1 0.144922 0.197222 0.053906 0.083333
1 0.402344 0.104861 0.039062 0.043056
1 0.772266 0.258333 0.092969 0.077778
1 0.085156 0.077083 0.017188 0.026389
1 0.173047 0.097917 0.032031 0.034722
3 0.869922 0.231944 0.060156 0.088889
