1 0.635938 0.347917 0.071875 0.137500
1 0.264062 0.133333 0.042188 0.052778
1 0.132031 0.058333 0.017188 0.019444
1 0.164062 0.072222 0.029687 0.033333
1 0.015625 0.220139 0.031250 0.079167
1 0.054297 0.196528 0.030469 0.048611
1 0.101953 0.170139 0.036719 0.054167
0 0.926953 0.251389 0.007031 0.038889
1 0.076563 0.163889 0.023438 0.038889
3 0.516797 0.171528 0.075781 0.137500
1 0.851172 0.213194 0.038281 0.070833
1 0.221484 0.245833 0.067969 0.077778
0 0.940234 0.257639 0.010156 0.045833
1 0.055469 0.147917 0.023438 0.029167
1 0.351953 0.215278 0.058594 0.077778
