3 0.491016 0.449306 0.164844 0.195833
2 0.352734 0.681250 0.491406 0.615278
1 0.146094 0.166667 0.039062 0.050000
1 0.215234 0.360417 0.094531 0.104167
3 0.091016 0.165278 0.035156 0.055556
1 0.818359 0.064583 0.025781 0.034722
1 0.184375 0.236806 0.060937 0.087500
1 0.066797 0.207639 0.036719 0.056944
1 0.023828 0.162500 0.024219 0.038889
3 0.292578 0.102083 0.057031 0.054167
3 0.292187 0.102778 0.056250 0.055556
1 0.008203 0.135417 0.016406 0.040278
3 0.621094 0.181944 0.079687 0.061111
3 0.644531 0.276389 0.120313 0.102778
3 0.711328 0.252778 0.119531 0.116667
