1 0.151953 0.168056 0.038281 0.047222
3 0.598047 0.076389 0.038281 0.041667
3 0.701953 0.095833 0.049219 0.055556
1 0.150000 0.125694 0.026562 0.034722
1 0.530078 0.352778 0.135156 0.116667
1 0.422266 0.070139 0.050781 0.037500
1 0.195703 0.077083 0.033594 0.051389
1 0.659766 0.075694 0.038281 0.045833
1 0.276562 0.081250 0.037500 0.034722
1 0.081641 0.125694 0.021094 0.037500
1 0.332422 0.474306 0.144531 0.181944
1 0.087500 0.175694 0.035937 0.048611
1 0.709766 0.072222 0.033594 0.036111
3 0.296484 0.134028 0.055469 0.059722
3 0.545703 0.138889 0.113281 0.100000
3 0.731250 0.288889 0.210938 0.225000
