1 0.528516 0.487500 0.166406 0.202778
3 0.242188 0.273611 0.082812 0.105556
2 0.131641 0.433333 0.189844 0.369444
1 0.147656 0.165972 0.035937 0.045833
1 0.108594 0.247917 0.056250 0.065278
3 0.069922 0.150000 0.028906 0.044444
1 0.119141 0.185417 0.042969 0.065278
3 0.338281 0.140278 0.078125 0.072222
1 0.045312 0.181944 0.031250 0.047222
1 0.015625 0.151389 0.020313 0.033333
3 0.429688 0.138889 0.089063 0.072222
3 0.430078 0.138889 0.089844 0.072222
3 0.379297 0.102083 0.060156 0.045833
3 0.836328 0.293056 0.092969 0.080556
