0 0.831641 0.191667 0.011719 0.041667
1 0.115234 0.255556 0.052344 0.088889
1 0.790234 0.060417 0.021094 0.026389
1 0.337109 0.475000 0.136719 0.169444
1 0.236328 0.272917 0.071094 0.087500
1 0.350391 0.093750 0.053906 0.043056
3 0.263672 0.627778 0.202344 0.302778
3 0.158594 0.075694 0.023438 0.029167
1 0.694531 0.259028 0.093750 0.084722
1 0.773047 0.253472 0.085156 0.081944
3 0.048047 0.275000 0.057031 0.125000
1 0.082031 0.102083 0.026562 0.034722
1 0.124609 0.191667 0.041406 0.052778
1 0.579297 0.253472 0.097656 0.079167
3 0.050000 0.131944 0.031250 0.063889
1 0.936328 0.455556 0.125781 0.122222
