3 0.653516 0.112500 0.057031 0.058333
1 0.835547 0.052778 0.017969 0.019444
0 0.438281 0.080556 0.009375 0.038889
3 0.376953 0.018056 0.058594 0.036111
1 0.705078 0.095833 0.042969 0.044444
1 0.626563 0.055556 0.039062 0.030556
0 0.446094 0.074306 0.009375 0.051389
1 0.573047 0.056944 0.044531 0.036111
3 0.910547 0.134028 0.027344 0.043056
1 0.017578 0.225000 0.035156 0.072222
1 0.871484 0.108333 0.019531 0.030556
1 0.791797 0.056250 0.021094 0.031944
0 0.406641 0.090278 0.011719 0.041667
3 0.036719 0.360417 0.073438 0.112500
1 0.466016 0.142361 0.071094 0.059722
0 0.934766 0.220833 0.011719 0.044444
3 0.392969 0.378472 0.148438 0.134722
2 0.376953 0.018750 0.057031 0.034722
1 0.034766 0.513889 0.069531 0.125000
