1 0.240234 0.584722 0.152344 0.269444
1 0.258594 0.404167 0.107813 0.138889
1 0.446094 0.423611 0.140625 0.175000
1 0.168359 0.228472 0.050781 0.059722
0 0.926172 0.245833 0.011719 0.052778
1 0.076953 0.154861 0.027344 0.043056
1 0.021094 0.153472 0.021875 0.040278
1 0.035547 0.275000 0.042969 0.077778
1 0.563281 0.163194 0.078125 0.062500
1 0.240234 0.584028 0.152344 0.270833
1 0.806641 0.265278 0.094531 0.066667
1 0.035937 0.175694 0.026562 0.043056
1 0.906641 0.450000 0.127344 0.122222
1 0.105078 0.056944 0.016406 0.022222
