0 0.486328 0.083333 0.007031 0.025000
3 0.517578 0.084722 0.008594 0.041667
1 0.635547 0.090972 0.042969 0.043056
1 0.103125 0.081250 0.020313 0.026389
0 0.522656 0.084722 0.015625 0.044444
1 0.091016 0.129167 0.028906 0.044444
1 0.237891 0.285417 0.074219 0.104167
3 0.026953 0.143056 0.053906 0.119444
3 0.266797 0.096528 0.052344 0.054167
1 0.594141 0.077778 0.044531 0.044444
1 0.424609 0.179861 0.069531 0.065278
3 0.026953 0.142361 0.053906 0.120833
1 0.903125 0.050694 0.010937 0.020833
1 0.266797 0.095139 0.053906 0.051389
1 0.723828 0.456944 0.157031 0.144444
