0 0.832422 0.195833 0.011719 0.047222
1 0.113281 0.253472 0.050000 0.087500
1 0.791797 0.059028 0.022656 0.026389
1 0.326953 0.465278 0.132031 0.163889
1 0.232031 0.269444 0.068750 0.086111
1 0.353906 0.095833 0.053125 0.041667
3 0.252734 0.615972 0.192969 0.295833
3 0.160156 0.075694 0.026562 0.031944
1 0.701953 0.262500 0.094531 0.083333
1 0.781641 0.258333 0.086719 0.083333
3 0.046094 0.272222 0.056250 0.122222
1 0.123047 0.190972 0.039844 0.051389
1 0.586328 0.256250 0.100781 0.081944
3 0.049219 0.131944 0.029687 0.061111
