1 0.151562 0.168750 0.039062 0.048611
3 0.102344 0.079167 0.018750 0.030556
3 0.598047 0.077083 0.036719 0.040278
3 0.701953 0.096528 0.047656 0.051389
1 0.150781 0.125694 0.025000 0.034722
1 0.320312 0.303472 0.123438 0.093056
1 0.160938 0.059028 0.023438 0.034722
1 0.660547 0.072917 0.036719 0.045833
1 0.080859 0.127083 0.019531 0.034722
3 0.192969 0.090278 0.051562 0.080556
1 0.825391 0.509722 0.155469 0.147222
1 0.845703 0.052778 0.014844 0.019444
1 0.580078 0.170139 0.077344 0.062500
1 0.423047 0.070833 0.053906 0.038889
1 0.067969 0.072222 0.014063 0.025000
