3 0.683203 0.131944 0.055469 0.061111
1 -0.000391 0.342361 -0.000781 0.062500
1 0.755078 0.081944 0.030469 0.038889
3 0.114453 0.065278 0.025781 0.027778
3 0.476562 0.127778 0.150000 0.105556
1 0.616016 0.073611 0.044531 0.038889
3 0.682422 0.064583 0.052344 0.059722
1 0.100391 0.178472 0.036719 0.054167
0 0.192188 0.157639 0.017188 0.040278
1 0.183203 0.070139 0.030469 0.034722
1 0.737891 0.232639 0.063281 0.079167
1 0.721484 0.090278 0.036719 0.044444
3 0.470703 0.347222 0.125781 0.108333
1 0.117969 0.764583 0.200000 0.237500
