3 0.650391 0.148611 0.060156 0.069444
1 0.755078 0.083333 0.028906 0.036111
1 0.319922 0.165278 0.083594 0.077778
3 0.513672 0.100000 0.075781 0.052778
1 0.101562 0.177778 0.034375 0.050000
1 0.078906 0.062500 0.015625 0.022222
1 0.892578 0.122222 0.021094 0.033333
1 0.719922 0.093056 0.038281 0.041667
3 0.817578 0.137500 0.033594 0.041667
1 0.821484 0.191667 0.039844 0.050000
1 0.812891 0.056944 0.017969 0.022222
1 0.773438 0.061111 0.021875 0.025000
1 0.321094 0.074306 0.054688 0.034722
3 0.397656 0.168056 0.101562 0.088889
3 0.026953 0.060417 0.052344 0.034722
1 0.855078 0.072917 0.017969 0.023611
3 0.590234 0.248611 0.107031 0.102778
3 0.442578 0.459028 0.178906 0.176389
1 0.320312 0.165278 0.082812 0.077778
