1 0.919531 0.755556 0.159375 0.211111
3 0.396875 0.381944 0.135937 0.161111
2 0.267578 0.654167 0.374219 0.652778
1 0.145703 0.165278 0.039844 0.050000
1 0.175000 0.318056 0.079687 0.091667
3 0.081250 0.159028 0.035937 0.051389
1 0.823828 0.065972 0.024219 0.029167
1 0.161328 0.218750 0.052344 0.076389
1 0.059766 0.198611 0.033594 0.052778
1 0.020703 0.159722 0.022656 0.036111
3 0.324609 0.106944 0.066406 0.055556
3 0.324219 0.106944 0.065625 0.055556
3 0.291016 0.081944 0.041406 0.033333
1 0.007031 0.134028 0.014063 0.040278
3 0.679688 0.207639 0.085938 0.068056
3 0.730078 0.320833 0.128906 0.111111
3 0.780078 0.290278 0.124219 0.127778
3 0.253906 0.111806 0.054688 0.056944
1 0.032422 0.114583 0.022656 0.048611
