1 0.151953 0.169444 0.039844 0.050000
1 0.222266 0.269444 0.071094 0.100000
3 0.244922 0.120833 0.039844 0.036111
3 0.598437 0.078472 0.037500 0.040278
3 0.191797 0.150694 0.046094 0.045833
1 0.809766 0.895833 0.178906 0.205556
3 0.701172 0.097222 0.047656 0.052778
1 0.167578 0.076389 0.024219 0.033333
3 0.098437 0.225000 0.071875 0.136111
1 0.925781 0.811806 0.146875 0.220833
3 0.287500 0.082639 0.064062 0.068056
3 0.429297 0.109722 0.083594 0.069444
1 0.584766 0.202083 0.083594 0.054167
3 0.607422 0.259722 0.122656 0.105556
1 0.916797 0.560417 0.147656 0.162500
1 0.916016 0.561111 0.147656 0.163889
1 0.052344 0.198611 0.026562 0.061111
