0 0.559766 0.093056 0.008594 0.047222
3 0.603125 0.104167 0.012500 0.044444
1 0.428125 0.111806 0.060937 0.051389
1 0.643750 0.088194 0.043750 0.045833
1 0.428516 0.378472 0.158594 0.109722
3 0.132031 0.083333 0.040625 0.044444
3 0.188672 0.070139 0.044531 0.062500
3 0.923828 0.135417 0.022656 0.031944
3 0.337500 0.143056 0.079687 0.077778
3 0.189844 0.069444 0.043750 0.061111
1 0.044922 0.064583 0.022656 0.031944
1 0.783984 0.050000 0.022656 0.025000
1 0.775781 0.360417 0.117188 0.098611
1 0.935547 0.588889 0.127344 0.169444
