1 0.151953 0.170139 0.038281 0.045833
3 0.173828 0.100000 0.030469 0.033333
3 0.598047 0.077778 0.036719 0.038889
3 0.701172 0.095139 0.047656 0.051389
1 0.533984 0.354167 0.136719 0.116667
1 0.421875 0.070833 0.051562 0.038889
1 0.207031 0.077083 0.031250 0.054167
1 0.659766 0.074306 0.038281 0.045833
1 0.287109 0.081944 0.036719 0.036111
1 0.275781 0.416667 0.118750 0.158333
1 0.440234 0.779861 0.291406 0.434722
1 0.078125 0.166667 0.031250 0.047222
1 0.710547 0.072222 0.032031 0.036111
3 0.326562 0.141667 0.073438 0.072222
3 0.575781 0.150000 0.118750 0.105556
3 0.794141 0.327778 0.216406 0.236111
3 0.326172 0.141667 0.072656 0.072222
