1 0.895703 0.109028 0.021094 0.029167
1 0.917578 0.106944 0.019531 0.030556
1 0.694922 0.122222 0.050781 0.061111
3 0.078906 0.160417 0.031250 0.048611
2 0.067969 0.265972 0.135937 0.201389
2 0.017578 0.181250 0.035156 0.084722
1 0.424609 0.161111 0.077344 0.066667
1 0.833984 0.171528 0.035156 0.051389
1 0.378125 0.018750 0.060937 0.034722
3 0.770312 0.060417 0.029687 0.034722
3 0.669141 0.063889 0.046094 0.041667
1 0.673047 0.286111 0.080469 0.097222
3 0.515234 0.099306 0.067969 0.059722
3 0.569141 0.275694 0.096094 0.090278
