1 0.151172 0.169444 0.038281 0.047222
3 0.123047 0.084028 0.022656 0.034722
3 0.598047 0.077083 0.038281 0.040278
3 0.701953 0.093750 0.049219 0.059722
1 0.151562 0.125694 0.025000 0.034722
1 0.419922 0.315972 0.128906 0.104167
1 0.177734 0.063194 0.022656 0.031944
1 0.660547 0.073611 0.038281 0.050000
1 0.080469 0.126389 0.020313 0.038889
1 0.834766 0.758333 0.189844 0.261111
3 0.256250 0.093750 0.103125 0.090278
3 0.304688 0.102083 0.054688 0.059722
1 0.855859 0.529861 0.157031 0.151389
1 0.855078 0.052083 0.016406 0.020833
1 0.716797 0.231250 0.088281 0.073611
1 0.422266 0.071528 0.053906 0.037500
1 0.006250 0.095833 0.012500 0.019444
