3 0.338281 0.089583 0.060937 0.048611
1 0.151562 0.170833 0.037500 0.044444
3 0.257812 0.106250 0.039062 0.043056
1 0.341406 0.473611 0.167187 0.230556
3 0.598047 0.078472 0.036719 0.040278
3 0.165625 0.062500 0.025000 0.033333
3 0.285938 0.127083 0.054688 0.059722
3 0.190625 0.148611 0.042188 0.047222
3 0.838672 0.702778 0.255469 0.408333
1 0.095703 0.252778 0.049219 0.072222
3 0.288281 0.127778 0.053125 0.058333
1 0.040234 0.180556 0.025781 0.044444
3 0.711328 0.096528 0.036719 0.045833
1 0.553516 0.188889 0.080469 0.075000
1 0.763281 0.249306 0.112500 0.098611
3 0.007031 0.127083 0.014063 0.056944
1 0.056641 0.148611 0.027344 0.033333
