3 0.702734 0.122222 0.049219 0.055556
1 0.182422 0.265972 0.091406 0.101389
1 0.324609 0.162500 0.078906 0.075000
1 0.757031 0.083333 0.031250 0.036111
3 0.171875 0.068056 0.032813 0.033333
1 0.280469 0.070833 0.043750 0.036111
3 0.605469 0.087500 0.090625 0.075000
1 0.664453 0.066667 0.036719 0.033333
3 0.710547 0.057639 0.030469 0.031944
1 0.099219 0.176389 0.035937 0.050000
1 0.556250 0.084028 0.032813 0.040278
1 0.474609 0.424306 0.146094 0.151389
1 0.723047 0.089583 0.033594 0.037500
3 0.066797 0.640278 0.133594 0.186111
