1 0.714844 0.205556 0.070312 0.063889
3 0.598437 0.078472 0.039062 0.045833
3 0.701172 0.093056 0.050781 0.066667
1 0.610547 0.176389 0.082031 0.063889
1 0.118359 0.150000 0.033594 0.041667
1 0.660937 0.079167 0.040625 0.047222
1 0.435937 0.067361 0.051562 0.043056
1 0.152734 0.063889 0.021094 0.030556
1 0.244531 0.160417 0.064062 0.065278
1 0.065625 0.119444 0.021875 0.030556
1 0.840234 0.051389 0.021094 0.025000
1 0.041016 0.103472 0.017969 0.020833
1 0.662891 0.457639 0.171094 0.151389
0 0.802344 0.025694 0.007812 0.037500
1 0.378516 0.020139 0.058594 0.034722
