1 0.225391 0.113194 0.036719 0.040278
1 0.136328 0.087500 0.025781 0.033333
1 0.016406 0.220139 0.032813 0.073611
1 0.054297 0.196528 0.030469 0.048611
1 0.101953 0.170833 0.036719 0.050000
1 0.077734 0.163889 0.022656 0.036111
3 0.656641 0.654167 0.244531 0.475000
1 0.908984 0.153472 0.027344 0.045833
0 0.940234 0.252778 0.010156 0.041667
1 0.057031 0.145833 0.025000 0.033333
3 0.263281 0.190972 0.071875 0.093056
1 0.005859 0.137500 0.011719 0.030556
0 0.276953 0.044444 0.008594 0.033333
1 0.310937 0.093056 0.040625 0.041667
