1 0.929688 0.100694 0.018750 0.023611
1 0.929297 0.101389 0.019531 0.025000
1 0.104688 0.181250 0.037500 0.059722
1 0.694141 0.122222 0.052344 0.063889
1 0.769922 0.053472 0.019531 0.018056
3 0.079687 0.162500 0.034375 0.052778
2 0.019141 0.198611 0.038281 0.125000
3 0.433594 0.148611 0.093750 0.083333
1 0.098828 0.320833 0.097656 0.100000
1 0.884766 0.131944 0.022656 0.036111
3 0.711328 0.070139 0.032031 0.040278
3 0.720313 0.068056 0.029687 0.041667
1 0.814453 0.179861 0.038281 0.056944
3 0.361328 0.149306 0.094531 0.079167
3 0.761328 0.165972 0.044531 0.048611
