3 0.651953 0.111806 0.055469 0.059722
1 0.834766 0.052778 0.016406 0.019444
1 0.705859 0.092361 0.046094 0.045833
1 0.585938 0.056250 0.045312 0.031944
1 0.523828 0.062500 0.052344 0.038889
1 0.017188 0.225000 0.034375 0.066667
0 0.365234 0.061111 0.010156 0.036111
3 0.586328 0.100000 0.053906 0.052778
1 0.048438 0.190278 0.029687 0.050000
0 0.940234 0.219444 0.008594 0.041667
1 0.011328 0.109722 0.021094 0.025000
1 0.030469 0.120139 0.018750 0.026389
2 0.376563 0.018750 0.057813 0.034722
1 0.215234 0.361111 0.141406 0.141667
3 0.339062 0.188889 0.109375 0.091667
