1 0.159375 0.048611 0.018750 0.022222
3 0.602734 0.100694 0.010156 0.045833
1 0.081250 0.073611 0.015625 0.027778
1 0.268750 0.425000 0.117188 0.147222
1 0.644141 0.086806 0.042969 0.043056
1 0.898047 0.571528 0.157031 0.159722
0 0.696875 0.136111 0.014063 0.044444
3 0.195703 0.087500 0.055469 0.072222
1 0.362891 0.356944 0.127344 0.177778
1 0.257422 0.077778 0.033594 0.030556
1 0.502344 0.138194 0.068750 0.056944
3 0.438672 0.185417 0.105469 0.101389
3 0.360938 0.102778 0.085938 0.097222
3 0.195312 0.087500 0.056250 0.072222
1 0.111719 0.077083 0.023438 0.031944
1 0.070312 0.206944 0.046875 0.075000
