3 0.280859 0.179861 0.080469 0.056944
3 0.697266 0.097917 0.039844 0.051389
1 0.514453 0.102778 0.069531 0.055556
1 0.184375 0.065972 0.026562 0.029167
1 0.816016 0.057639 0.021094 0.023611
0 0.098437 0.206944 0.017188 0.052778
0 0.098828 0.207639 0.014844 0.054167
1 0.726953 0.254167 0.069531 0.077778
0 0.876953 0.785417 0.050781 0.148611
1 0.783594 0.300000 0.059375 0.097222
3 0.224609 0.237500 0.119531 0.125000
3 0.495312 0.411111 0.181250 0.194444
1 0.620703 0.088889 0.047656 0.055556
1 0.411328 0.377778 0.124219 0.116667
0 0.026562 0.254861 0.014063 0.051389
