1 0.078516 0.071528 0.014844 0.026389
1 0.296094 0.452778 0.128125 0.158333
1 0.644531 0.086111 0.040625 0.041667
1 0.894141 0.565972 0.161719 0.156944
3 0.186719 0.084722 0.051562 0.069444
3 0.345313 0.099306 0.084375 0.093056
1 0.397656 0.379861 0.137500 0.198611
1 0.247656 0.077083 0.032813 0.029167
1 0.484766 0.134028 0.067969 0.054167
3 0.418359 0.177778 0.103906 0.097222
3 0.344922 0.100694 0.083594 0.093056
3 0.187109 0.084722 0.052344 0.069444
3 0.869141 0.185417 0.036719 0.068056
1 0.107813 0.072917 0.025000 0.037500
1 0.075391 0.212500 0.050781 0.080556
