3 0.645703 0.562500 0.196094 0.238889
2 0.486328 0.723611 0.646094 0.536111
1 0.146094 0.167361 0.039062 0.051389
1 0.290234 0.438194 0.130469 0.137500
3 0.101562 0.174306 0.035937 0.054167
1 0.812109 0.068056 0.027344 0.033333
1 0.220703 0.265278 0.072656 0.102778
1 0.077344 0.218056 0.042188 0.066667
1 0.027344 0.167361 0.025000 0.043056
3 0.260156 0.091667 0.050000 0.047222
3 0.258203 0.094444 0.047656 0.052778
1 0.009375 0.137500 0.018750 0.041667
3 0.553516 0.154861 0.074219 0.056944
3 0.548438 0.226389 0.101562 0.088889
3 0.624609 0.209028 0.113281 0.106944
