3 0.639453 0.118056 0.063281 0.058333
1 0.782422 0.059722 0.021094 0.025000
1 0.708984 0.088194 0.050781 0.043056
1 0.565234 0.057639 0.046094 0.034722
1 0.493359 0.063194 0.049219 0.040278
1 0.017188 0.225000 0.034375 0.069444
0 0.332813 0.054861 0.006250 0.026389
3 0.337891 0.187500 0.099219 0.086111
1 0.052734 0.193750 0.032031 0.051389
0 0.941016 0.260417 0.011719 0.043056
1 0.047266 0.129167 0.024219 0.038889
0 0.943359 0.222222 0.013281 0.058333
0 0.923047 0.242361 0.010156 0.054167
3 0.630078 0.086111 0.055469 0.061111
1 0.005859 0.104861 0.011719 0.015278
1 0.026953 0.120833 0.019531 0.027778
1 0.224219 0.354167 0.140625 0.141667
