3 0.636719 0.118750 0.062500 0.059722
1 0.777734 0.060417 0.021094 0.026389
0 0.383594 0.052778 0.009375 0.030556
1 0.708984 0.090972 0.050781 0.043056
1 0.562891 0.057639 0.046094 0.034722
1 0.489844 0.063194 0.048438 0.040278
1 0.016797 0.225000 0.033594 0.066667
3 0.312500 0.197222 0.101562 0.091667
1 0.052734 0.193750 0.032031 0.051389
0 0.941016 0.259722 0.011719 0.044444
1 0.048047 0.129861 0.022656 0.040278
0 0.941797 0.236806 0.013281 0.081944
0 0.923047 0.243056 0.010156 0.055556
3 0.619141 0.088889 0.058594 0.058333
1 0.005859 0.105556 0.011719 0.016667
1 0.027734 0.121528 0.019531 0.029167
1 0.224609 0.353472 0.139844 0.140278
