3 0.623047 0.175694 0.103906 0.084722
1 0.148047 0.168056 0.039844 0.050000
1 0.790234 0.051389 0.021094 0.019444
1 0.318359 0.478472 0.141406 0.173611
3 0.293750 0.082639 0.045312 0.040278
3 0.214844 0.082639 0.048438 0.048611
1 0.090625 0.229861 0.054688 0.090278
3 0.600391 0.076389 0.038281 0.038889
3 0.180469 0.137500 0.046875 0.061111
3 0.196484 0.232639 0.082031 0.134722
1 0.151172 0.450694 0.092969 0.168056
1 0.030469 0.174306 0.026562 0.043056
1 0.013672 0.492361 0.027344 0.154167
1 0.516016 0.181944 0.080469 0.063889
1 0.180469 0.138194 0.046875 0.059722
3 0.650000 0.276389 0.134375 0.111111
1 0.012109 0.145139 0.019531 0.034722
3 0.214062 0.082639 0.048438 0.045833
