1 0.507422 0.217361 0.096094 0.068056
3 0.598047 0.079861 0.038281 0.043056
3 0.700391 0.097222 0.049219 0.055556
1 0.382422 0.175694 0.086719 0.065278
1 0.104297 0.143750 0.028906 0.034722
1 0.660156 0.075694 0.040625 0.051389
1 0.488672 0.063889 0.044531 0.041667
1 0.194141 0.065972 0.028906 0.034722
3 0.665234 0.170139 0.092969 0.070833
1 0.189062 0.141667 0.042188 0.055556
1 0.069141 0.120833 0.041406 0.036111
1 0.854297 0.050694 0.016406 0.023611
1 0.041016 0.104861 0.019531 0.023611
1 0.942578 0.598611 0.113281 0.161111
