3 0.666406 0.106250 0.057813 0.056944
1 0.787109 0.066667 0.044531 0.052778
0 0.314453 0.115278 0.008594 0.038889
0 0.241016 0.140972 0.010156 0.034722
0 0.302344 0.118056 0.010937 0.033333
1 0.905859 0.114583 0.019531 0.031944
1 0.864453 0.146528 0.027344 0.040278
0 0.280859 0.118056 0.010156 0.041667
3 0.263672 0.068750 0.041406 0.037500
3 0.803516 0.138194 0.042969 0.056944
3 0.301172 0.172222 0.100781 0.083333
1 0.061328 0.303472 0.092969 0.095833
1 0.729688 0.090278 0.037500 0.036111
3 0.441406 0.343056 0.162500 0.163889
1 0.279687 0.118056 0.009375 0.036111
1 0.006641 0.547917 0.013281 0.098611
