3 0.601953 0.100000 0.011719 0.038889
1 0.074219 0.069444 0.015625 0.027778
1 0.350781 0.506944 0.151562 0.183333
1 0.644531 0.086111 0.042188 0.044444
1 0.883203 0.559028 0.161719 0.154167
3 0.178906 0.081944 0.050000 0.069444
3 0.320312 0.093750 0.075000 0.087500
1 0.237891 0.075694 0.028906 0.029167
1 0.464453 0.428472 0.155469 0.223611
1 0.237500 0.074306 0.028125 0.031944
1 0.459766 0.125694 0.063281 0.051389
3 0.385547 0.165278 0.094531 0.094444
3 0.323828 0.093750 0.077344 0.087500
3 0.871484 0.182639 0.036719 0.062500
1 0.102734 0.074306 0.022656 0.037500
1 0.084766 0.222917 0.053906 0.084722
