1 0.151172 0.168750 0.038281 0.045833
3 0.118750 0.082639 0.023438 0.034722
3 0.598047 0.077083 0.038281 0.040278
3 0.701953 0.095833 0.049219 0.055556
1 0.151172 0.125694 0.022656 0.034722
1 0.404687 0.313194 0.129688 0.104167
1 0.175781 0.062500 0.021875 0.030556
1 0.660156 0.072917 0.039062 0.048611
1 0.080859 0.126389 0.021094 0.038889
1 0.917188 0.817361 0.164062 0.248611
3 0.236328 0.091667 0.075781 0.088889
1 0.851953 0.527083 0.155469 0.148611
1 0.691016 0.218056 0.088281 0.072222
1 0.422266 0.070833 0.052344 0.036111
1 0.007422 0.093750 0.014844 0.023611
