3 0.690234 0.127083 0.053906 0.062500
1 0.103906 0.270833 0.087500 0.100000
1 0.755078 0.082639 0.028906 0.034722
3 0.131641 0.065972 0.027344 0.031944
1 0.214062 0.072222 0.037500 0.036111
3 0.534766 0.111111 0.121094 0.088889
1 0.637891 0.065972 0.041406 0.040278
3 0.699219 0.063889 0.042188 0.052778
1 0.101172 0.177778 0.035156 0.052778
0 0.233203 0.135417 0.014844 0.043056
1 0.214062 0.072917 0.035937 0.034722
1 0.672266 0.279167 0.083594 0.100000
1 0.721484 0.090972 0.036719 0.040278
3 0.333203 0.434722 0.153906 0.138889
