1 0.934766 0.100000 0.017969 0.025000
1 0.105078 0.181250 0.036719 0.056944
1 0.693750 0.122917 0.051562 0.059722
1 0.759766 0.054861 0.021094 0.020833
3 0.079687 0.161806 0.034375 0.054167
2 0.019141 0.198611 0.038281 0.125000
3 0.336328 0.188194 0.107031 0.093056
1 0.006641 0.390278 0.013281 0.066667
1 0.897266 0.125000 0.022656 0.033333
3 0.683984 0.075000 0.044531 0.044444
3 0.572266 0.081944 0.061719 0.044444
1 0.841016 0.159028 0.033594 0.051389
3 0.280078 0.176389 0.067969 0.083333
1 0.018359 0.536806 0.036719 0.095833
1 0.558594 0.280556 0.098437 0.105556
1 0.545703 0.114583 0.058594 0.051389
3 0.795703 0.147917 0.036719 0.040278
