3 0.687891 0.091667 0.041406 0.052778
1 0.487500 0.136111 0.065625 0.058333
1 0.007031 0.332639 0.014063 0.059722
1 0.783984 0.069444 0.028906 0.050000
1 0.810547 0.057639 0.021094 0.023611
0 0.176172 0.176389 0.011719 0.052778
1 0.892578 0.126389 0.022656 0.036111
0 0.949609 0.609028 0.030469 0.104167
3 0.860547 0.143750 0.035156 0.056944
1 0.034766 0.366667 0.069531 0.122222
1 0.828516 0.134028 0.030469 0.040278
0 0.099609 0.206250 0.014844 0.048611
0 0.900391 0.711806 0.036719 0.129167
1 0.244141 0.202083 0.082031 0.070833
0 0.167578 0.176389 0.010156 0.052778
1 0.501953 0.311806 0.105469 0.106944
1 0.648828 0.072222 0.039844 0.033333
