3 0.653516 0.111111 0.055469 0.058333
0 0.444922 0.072222 0.008594 0.041667
1 0.840234 0.053472 0.019531 0.020833
0 0.433984 0.080556 0.007031 0.036111
3 0.376953 0.018056 0.058594 0.033333
1 0.703516 0.096528 0.038281 0.045833
1 0.626563 0.054861 0.037500 0.026389
1 0.573047 0.055556 0.044531 0.036111
3 0.904297 0.138889 0.028906 0.044444
1 0.017578 0.223611 0.035156 0.075000
1 0.863672 0.111806 0.021094 0.031944
1 0.797656 0.057639 0.020313 0.026389
0 0.404687 0.091667 0.010937 0.041667
3 0.095312 0.319444 0.126562 0.127778
1 0.509375 0.127083 0.065625 0.054167
0 0.934766 0.219444 0.008594 0.038889
3 0.269141 0.463889 0.166406 0.158333
2 0.376172 0.018750 0.057031 0.034722
1 0.030078 0.520139 0.060156 0.112500
