1 0.844922 0.123611 0.028906 0.036111
1 0.890234 0.127083 0.021094 0.037500
1 0.105469 0.181944 0.037500 0.058333
1 0.698828 0.120139 0.049219 0.056944
3 0.078906 0.161806 0.032813 0.054167
1 0.917969 0.104167 0.015625 0.027778
2 0.287500 0.151389 0.212500 0.177778
2 0.019141 0.200000 0.038281 0.125000
1 0.593359 0.104861 0.049219 0.045833
1 0.718359 0.265278 0.069531 0.080556
3 0.800000 0.056944 0.026562 0.027778
0 0.941797 0.259722 0.011719 0.044444
2 0.377734 0.018750 0.058594 0.034722
1 0.235547 0.630556 0.185156 0.213889
3 0.071484 0.635417 0.142969 0.179167
