3 0.666797 0.140278 0.055469 0.063889
1 0.753516 0.084722 0.028906 0.033333
3 0.079297 0.063889 0.019531 0.027778
3 0.282422 0.215278 0.192969 0.136111
1 0.539453 0.091667 0.053906 0.052778
3 0.637500 0.069444 0.060937 0.055556
1 0.101172 0.177778 0.035156 0.050000
0 0.091406 0.202778 0.014063 0.052778
1 0.130078 0.068056 0.021094 0.027778
1 0.830078 0.165972 0.035156 0.051389
1 0.721484 0.090972 0.036719 0.043056
3 0.683203 0.215278 0.071094 0.069444
1 0.580469 0.386806 0.118750 0.112500
0 0.238281 0.045139 0.006250 0.023611
1 0.824609 0.055556 0.016406 0.016667
1 0.796094 0.058333 0.021875 0.025000
1 0.512109 0.065972 0.052344 0.034722
