1 0.817578 0.081250 0.022656 0.031944
1 0.606250 0.127083 0.056250 0.070833
1 0.355859 0.070833 0.053906 0.038889
1 0.263672 0.070139 0.036719 0.031944
1 0.016797 0.224306 0.033594 0.065278
1 0.055469 0.196528 0.031250 0.048611
0 0.938672 0.261111 0.008594 0.041667
1 0.085938 0.159722 0.034375 0.050000
1 0.199609 0.252778 0.089844 0.088889
0 0.925391 0.243750 0.011719 0.051389
1 0.057031 0.145833 0.025000 0.033333
3 0.648047 0.343750 0.086719 0.154167
3 0.494141 0.277778 0.069531 0.130556
3 0.723047 0.079167 0.042969 0.063889
1 0.648828 0.345139 0.086719 0.154167
1 0.028125 0.120833 0.017188 0.030556
