1 0.112500 0.315972 0.101562 0.104167
1 0.683203 0.206250 0.067969 0.070833
1 0.001563 0.350694 0.003125 0.056944
1 0.776172 0.214583 0.055469 0.073611
1 0.105859 0.181944 0.036719 0.058333
1 0.699219 0.120139 0.051562 0.059722
1 0.287500 0.180556 0.081250 0.075000
1 0.888672 0.167361 0.030469 0.051389
1 0.484375 0.138194 0.071875 0.059722
3 0.079687 0.162500 0.032813 0.050000
1 0.918359 0.138194 0.021094 0.037500
1 0.863672 0.145833 0.028906 0.044444
2 0.571484 0.068056 0.116406 0.091667
2 0.019141 0.199306 0.038281 0.123611
3 0.381641 0.386111 0.141406 0.158333
1 0.712109 0.075694 0.035156 0.031944
1 0.037500 0.834722 0.075000 0.172222
