3 0.651953 0.111111 0.050781 0.058333
1 0.783594 0.056944 0.021875 0.036111
0 0.418750 0.043056 0.010937 0.047222
1 0.705469 0.092361 0.043750 0.043056
1 0.601562 0.055556 0.042188 0.033333
1 0.538672 0.060417 0.050781 0.040278
1 0.017188 0.224306 0.034375 0.070833
0 0.371094 0.065278 0.010937 0.041667
3 0.919531 0.078472 0.012500 0.023611
3 0.675781 0.076389 0.040625 0.041667
1 0.046875 0.186111 0.031250 0.047222
0 0.939453 0.224306 0.010156 0.045833
1 0.112500 0.298611 0.101562 0.125000
1 0.006641 0.104167 0.013281 0.022222
1 0.026953 0.118056 0.019531 0.033333
