1 0.147656 0.167361 0.042188 0.048611
3 0.189453 0.140972 0.049219 0.062500
1 0.588672 0.540972 0.178906 0.220833
3 0.600391 0.073611 0.039844 0.041667
3 0.166797 0.094444 0.028906 0.033333
3 0.189453 0.140972 0.047656 0.062500
3 0.702734 0.095833 0.047656 0.047222
1 0.123828 0.067361 0.019531 0.026389
1 0.312891 0.078472 0.060156 0.054167
3 0.212109 0.328472 0.138281 0.231944
1 0.370312 0.123611 0.053125 0.038889
3 0.382422 0.162500 0.083594 0.072222
1 0.101953 0.253472 0.055469 0.093056
1 0.818359 0.498611 0.153906 0.150000
1 0.101953 0.252778 0.055469 0.088889
2 0.205078 0.070833 0.044531 0.061111
1 0.710156 0.070833 0.035937 0.036111
1 0.534766 0.061111 0.046094 0.033333
3 0.822266 0.272222 0.232031 0.208333
1 0.004687 0.127778 0.009375 0.038889
1 0.796094 0.365278 0.126562 0.119444
