0 0.588672 0.100694 0.011719 0.048611
3 0.588281 0.100694 0.010937 0.045833
1 0.775781 0.875694 0.201563 0.243056
1 0.878516 0.310417 0.094531 0.090278
1 0.643750 0.086111 0.042188 0.044444
1 0.823047 0.523611 0.164844 0.147222
3 0.141406 0.075000 0.039062 0.061111
1 0.889453 0.729167 0.117969 0.238889
1 0.195703 0.068750 0.025781 0.026389
1 0.355469 0.100000 0.051562 0.041667
3 0.291016 0.131250 0.096094 0.087500
3 0.244922 0.079167 0.052344 0.072222
3 0.881641 0.166667 0.035156 0.055556
3 0.441797 0.123611 0.114844 0.113889
3 0.575391 0.158333 0.100781 0.080556
3 0.350781 0.796528 0.268750 0.395833
1 0.923047 0.446528 0.142969 0.165278
1 0.151562 0.296528 0.081250 0.115278
