3 0.654297 0.112500 0.058594 0.055556
0 0.431250 0.061111 0.009375 0.038889
1 0.796875 0.056944 0.023438 0.025000
0 0.444141 0.071528 0.007031 0.037500
3 0.376953 0.017361 0.058594 0.034722
1 0.705469 0.093056 0.042188 0.044444
1 0.624609 0.088194 0.049219 0.048611
1 0.626172 0.053472 0.036719 0.026389
0 0.427344 0.059722 0.009375 0.038889
1 0.573828 0.055556 0.046094 0.038889
3 0.941797 0.108333 0.017969 0.036111
1 0.017578 0.225000 0.035156 0.066667
1 0.695312 0.061806 0.028125 0.029167
0 0.401953 0.080556 0.010156 0.038889
1 0.011328 0.381250 0.022656 0.073611
0 0.931641 0.229861 0.010156 0.048611
3 0.778125 0.152778 0.042188 0.052778
3 0.834766 0.052083 0.019531 0.023611
2 0.376172 0.018750 0.057031 0.034722
1 0.012891 0.149306 0.019531 0.034722
1 0.075000 0.481944 0.150000 0.169444
