2 0.648828 0.884028 0.407031 0.223611
1 0.145703 0.163194 0.041406 0.048611
1 0.637891 0.765972 0.249219 0.262500
3 0.132422 0.195139 0.042969 0.065278
1 0.798438 0.068056 0.029687 0.041667
1 0.357812 0.368750 0.123438 0.148611
1 0.108203 0.256250 0.049219 0.073611
1 0.036719 0.179861 0.029687 0.045833
3 0.204297 0.081250 0.041406 0.040278
3 0.159375 0.087500 0.035937 0.044444
1 0.013281 0.144444 0.025000 0.041667
3 0.426953 0.113889 0.057031 0.044444
3 0.382422 0.160417 0.078906 0.070833
3 0.667188 0.072222 0.043750 0.052778
3 0.765625 0.280556 0.153125 0.133333
