0 0.848828 0.207639 0.013281 0.051389
1 0.076953 0.215278 0.039844 0.069444
1 0.810547 0.058333 0.019531 0.022222
1 0.189453 0.332639 0.078906 0.104167
1 0.159766 0.213889 0.049219 0.063889
1 0.442578 0.118750 0.067969 0.048611
3 0.114062 0.404861 0.098437 0.168056
3 0.496094 0.623611 0.228125 0.269444
3 0.203125 0.081944 0.031250 0.038889
1 0.864453 0.356944 0.099219 0.097222
1 0.255078 0.124306 0.046094 0.043056
1 0.092578 0.168750 0.032031 0.043056
1 0.747266 0.341667 0.113281 0.094444
3 0.036328 0.125000 0.032031 0.052778
