3 0.685937 0.445833 0.128125 0.197222
1 0.584375 0.106250 0.048438 0.045833
1 0.101953 0.178472 0.033594 0.048611
1 0.846484 0.052778 0.016406 0.016667
1 0.605078 0.129167 0.055469 0.066667
1 0.808984 0.069444 0.025781 0.033333
1 0.716797 0.118750 0.041406 0.045833
1 0.823047 0.084028 0.024219 0.029167
3 0.895312 0.093750 0.017188 0.029167
3 0.685547 0.445139 0.130469 0.201389
1 0.168750 0.062500 0.023438 0.025000
1 0.709766 0.077083 0.033594 0.031944
0 0.205469 0.204861 0.012500 0.040278
1 0.580859 0.102778 0.046094 0.047222
