1 0.911328 0.106250 0.017969 0.026389
1 0.104688 0.181250 0.037500 0.059722
1 0.694141 0.122222 0.052344 0.063889
1 0.785156 0.052083 0.020313 0.018056
3 0.079297 0.161806 0.035156 0.054167
2 0.003125 0.310417 0.006250 0.118056
2 0.018750 0.198611 0.037500 0.125000
3 0.540234 0.111806 0.071094 0.065278
1 0.289844 0.215278 0.087500 0.077778
1 0.862891 0.149306 0.030469 0.043056
3 0.752344 0.062500 0.026562 0.038889
3 0.636328 0.068750 0.041406 0.040278
1 0.757422 0.223611 0.055469 0.072222
3 0.449219 0.118056 0.081250 0.069444
1 0.007422 0.539583 0.014844 0.062500
3 0.684375 0.207639 0.067187 0.068056
