1 0.003516 0.390278 0.007031 0.061111
1 0.740625 0.176389 0.050000 0.055556
1 0.816016 0.182639 0.041406 0.062500
1 0.106250 0.181944 0.035937 0.058333
1 0.698047 0.120833 0.049219 0.058333
1 0.175781 0.233333 0.085938 0.088889
1 0.902734 0.152778 0.027344 0.044444
1 0.396875 0.171528 0.084375 0.070833
3 0.080469 0.163194 0.034375 0.054167
1 0.926172 0.130556 0.016406 0.030556
1 0.880859 0.133333 0.024219 0.038889
2 0.527344 0.079861 0.132812 0.104167
2 0.019531 0.199306 0.039062 0.120833
3 0.558203 0.277083 0.097656 0.118056
1 0.692578 0.077778 0.035156 0.033333
1 0.219531 0.664583 0.203125 0.220833
1 0.378516 0.019444 0.060156 0.036111
