3 0.654297 0.111111 0.057031 0.058333
0 0.443359 0.070833 0.008594 0.038889
3 0.376953 0.017361 0.058594 0.034722
1 0.705469 0.094444 0.043750 0.041667
1 0.600391 0.095139 0.053906 0.051389
1 0.626563 0.054167 0.039062 0.030556
0 0.423438 0.061111 0.007812 0.030556
1 0.573047 0.055556 0.046094 0.038889
3 0.944141 0.108333 0.016406 0.030556
1 0.017578 0.225000 0.035156 0.066667
1 0.677344 0.065972 0.034375 0.029167
0 0.401172 0.080556 0.010156 0.036111
0 0.931641 0.229861 0.011719 0.048611
3 0.798438 0.142361 0.037500 0.051389
3 0.828516 0.054167 0.016406 0.022222
2 0.375781 0.018750 0.056250 0.034722
1 0.015234 0.152083 0.019531 0.031944
1 0.081250 0.471528 0.160938 0.165278
