3 0.626172 0.170139 0.060156 0.081944
1 0.753125 0.081250 0.029687 0.040278
3 0.246484 0.197917 0.113281 0.101389
1 0.101562 0.177778 0.034375 0.050000
1 0.708203 0.093750 0.041406 0.045833
3 0.873828 0.106944 0.021094 0.027778
1 0.890234 0.132639 0.021094 0.031944
1 0.791406 0.058333 0.023438 0.027778
1 0.818359 0.084722 0.024219 0.030556
1 0.208594 0.070833 0.028125 0.025000
3 0.026172 0.353472 0.052344 0.120833
1 0.875391 0.068056 0.013281 0.016667
3 0.796875 0.142361 0.040625 0.051389
3 0.754687 0.229861 0.067187 0.084722
3 0.626172 0.170139 0.058594 0.081944
1 0.331641 0.070139 0.050781 0.034722
