3 0.665625 0.106944 0.056250 0.055556
0 0.329688 0.111111 0.010937 0.047222
0 0.258203 0.138194 0.010156 0.037500
0 0.316406 0.114583 0.009375 0.043056
1 0.888672 0.129167 0.021094 0.033333
0 0.291406 0.113194 0.010937 0.043056
3 0.217188 0.067361 0.035937 0.034722
3 0.841797 0.117361 0.032031 0.043056
3 0.154297 0.244444 0.108594 0.108333
1 0.785156 0.077083 0.039062 0.070833
3 0.596094 0.072222 0.051562 0.044444
1 0.726172 0.090972 0.039844 0.037500
3 0.632422 0.229167 0.100781 0.113889
3 0.694141 0.050000 0.041406 0.052778
3 0.517578 0.123611 0.077344 0.063889
1 0.005859 0.549306 0.011719 0.093056
