3 0.651953 0.110417 0.053906 0.059722
1 0.810547 0.056250 0.021094 0.020833
3 0.376953 0.018750 0.057031 0.034722
1 0.705859 0.093750 0.044531 0.045833
1 0.001172 0.379167 0.002344 0.066667
1 0.611328 0.054861 0.039844 0.031944
1 0.551953 0.057639 0.047656 0.034722
1 0.017188 0.225000 0.034375 0.069444
1 0.071094 0.300000 0.082812 0.088889
0 0.378125 0.068056 0.010937 0.036111
0 0.925000 0.246528 0.010937 0.040278
1 0.041406 0.181944 0.026562 0.044444
1 0.367578 0.173611 0.088281 0.086111
1 0.016406 0.111111 0.014063 0.025000
1 0.181641 0.389583 0.149219 0.151389
