1 0.148047 0.166667 0.039844 0.047222
3 0.188672 0.142361 0.049219 0.056944
3 0.076563 0.124306 0.026562 0.034722
3 0.600000 0.074306 0.039062 0.037500
3 0.104688 0.078472 0.021875 0.029167
3 0.703516 0.095833 0.049219 0.050000
1 0.211328 0.062500 0.038281 0.041667
3 0.867969 0.803472 0.262500 0.381944
3 0.218359 0.107639 0.041406 0.045833
1 0.693359 0.428472 0.150781 0.134722
1 0.350391 0.493750 0.158594 0.209722
2 0.134375 0.061806 0.032813 0.045833
1 0.664453 0.078472 0.038281 0.034722
3 0.413672 0.111111 0.116406 0.119444
1 0.395313 0.168056 0.079687 0.069444
1 0.660156 0.202083 0.085938 0.065278
