3 0.653516 0.109028 0.053906 0.056944
1 0.266797 0.185417 0.092969 0.087500
0 0.443750 0.076389 0.009375 0.044444
1 0.794141 0.056944 0.021094 0.027778
0 0.407422 0.084722 0.008594 0.038889
3 0.377734 0.017361 0.060156 0.034722
1 0.710547 0.093056 0.044531 0.044444
1 0.630469 0.054167 0.037500 0.030556
0 0.434375 0.081250 0.009375 0.034722
1 0.573828 0.056944 0.046094 0.036111
3 0.837109 0.181944 0.047656 0.066667
1 0.016797 0.221528 0.033594 0.073611
1 0.774219 0.161111 0.039062 0.050000
1 0.833984 0.052778 0.021094 0.022222
0 0.382422 0.097222 0.010156 0.047222
1 0.677344 0.080556 0.037500 0.036111
1 0.010547 0.543750 0.021094 0.106944
