1 0.148438 0.167361 0.039062 0.045833
3 0.188672 0.143056 0.049219 0.055556
3 0.600000 0.074306 0.040625 0.040278
3 0.703516 0.094444 0.049219 0.050000
1 0.084375 0.056944 0.018750 0.022222
1 0.216797 0.064583 0.041406 0.045833
3 0.818359 0.775000 0.338281 0.436111
3 0.222656 0.107639 0.042188 0.045833
1 0.701172 0.432639 0.150781 0.137500
1 0.312891 0.457639 0.144531 0.193056
2 0.138281 0.061111 0.032813 0.047222
1 0.710938 0.071528 0.034375 0.034722
3 0.430859 0.116667 0.121094 0.122222
1 0.416797 0.176389 0.083594 0.069444
1 0.680469 0.212500 0.089063 0.069444
1 0.414453 0.175000 0.083594 0.069444
1 0.334375 0.081944 0.067187 0.055556
