3 0.606641 0.645139 0.188281 0.326389
1 0.769141 0.102083 0.033594 0.037500
1 0.518359 0.196528 0.067969 0.109722
1 0.259766 0.071528 0.036719 0.031944
1 0.200781 0.062500 0.029687 0.033333
1 0.017578 0.224306 0.035156 0.070833
1 0.056641 0.196528 0.032031 0.048611
0 0.939453 0.257639 0.011719 0.054167
1 0.098437 0.166667 0.035937 0.052778
0 0.924609 0.246528 0.011719 0.051389
1 0.069531 0.153472 0.025000 0.037500
3 0.920703 0.749306 0.063281 0.151389
3 0.606641 0.636806 0.194531 0.351389
3 0.693359 0.085417 0.052344 0.070833
1 0.942187 0.798611 0.114062 0.250000
1 0.075000 0.409028 0.118750 0.126389
2 0.377734 0.017361 0.060156 0.034722
1 0.007812 0.137500 0.015625 0.033333
1 0.977344 0.827083 0.043750 0.220833
1 0.363281 0.202778 0.060937 0.094444
