3 0.652734 0.110417 0.053906 0.059722
1 0.810156 0.056944 0.020313 0.022222
3 0.376953 0.018750 0.057031 0.034722
1 0.706641 0.094444 0.046094 0.044444
1 0.611328 0.054861 0.041406 0.031944
1 0.551562 0.057639 0.048438 0.034722
1 0.017188 0.225000 0.034375 0.069444
1 0.058594 0.308333 0.082812 0.091667
0 0.378125 0.068056 0.009375 0.036111
0 0.924609 0.245833 0.010156 0.041667
1 0.041797 0.181944 0.028906 0.047222
0 0.940234 0.245139 0.010156 0.073611
1 0.358984 0.175694 0.088281 0.087500
1 0.016797 0.111111 0.013281 0.025000
1 0.181641 0.388194 0.149219 0.151389
