3 0.651172 0.111111 0.049219 0.058333
1 0.818359 0.055556 0.021094 0.022222
1 0.704688 0.095833 0.040625 0.038889
1 0.063672 0.331250 0.108594 0.126389
1 0.615625 0.054861 0.040625 0.031944
1 0.555859 0.056944 0.046094 0.036111
1 0.016797 0.224306 0.033594 0.065278
1 0.190234 0.229167 0.080469 0.075000
0 0.380469 0.070833 0.009375 0.036111
3 0.898047 0.090972 0.016406 0.026389
1 0.038672 0.179167 0.030469 0.047222
1 0.439844 0.144444 0.076563 0.075000
1 0.012891 0.107639 0.017969 0.026389
1 0.174219 0.395139 0.151562 0.148611
