3 0.659766 0.191667 0.110156 0.091667
1 0.145313 0.163194 0.034375 0.048611
1 0.265625 0.425000 0.120313 0.150000
3 0.089844 0.063194 0.018750 0.026389
3 0.228516 0.084722 0.052344 0.047222
1 0.082031 0.220833 0.046875 0.080556
3 0.602344 0.077083 0.039062 0.037500
3 0.157812 0.071528 0.029687 0.043056
3 0.180859 0.136111 0.046094 0.058333
3 0.175391 0.218750 0.074219 0.123611
1 0.120703 0.402083 0.077344 0.145833
1 0.027344 0.169444 0.026562 0.041667
1 0.014063 0.492361 0.028125 0.154167
1 0.555078 0.197917 0.086719 0.065278
1 0.180078 0.136111 0.046094 0.058333
3 0.705078 0.306944 0.138281 0.116667
1 0.009375 0.143056 0.018750 0.033333
3 0.228516 0.084722 0.050781 0.044444
