1 0.542578 0.506250 0.152344 0.162500
0 0.887109 0.227083 0.011719 0.051389
1 0.155859 0.206944 0.046094 0.066667
1 0.040625 0.173611 0.028125 0.052778
1 0.848828 0.052083 0.013281 0.018056
1 0.183984 0.526389 0.122656 0.186111
1 0.307812 0.090972 0.043750 0.034722
1 0.078906 0.222222 0.039062 0.061111
1 0.482422 0.211111 0.089844 0.075000
1 0.087109 0.161111 0.033594 0.047222
1 0.722266 0.231944 0.099219 0.075000
3 0.026953 0.250694 0.047656 0.084722
3 0.152734 0.300000 0.075781 0.105556
1 0.055859 0.145833 0.024219 0.030556
