3 0.653125 0.112500 0.054688 0.058333
1 0.776953 0.058333 0.022656 0.036111
3 0.375781 0.019444 0.056250 0.033333
1 0.705859 0.092361 0.047656 0.045833
1 0.599609 0.056250 0.041406 0.031944
1 0.535547 0.061111 0.049219 0.038889
1 0.017188 0.224306 0.034375 0.068056
0 0.369922 0.059722 0.010156 0.044444
3 0.663672 0.079167 0.042969 0.041667
1 0.046875 0.186806 0.031250 0.048611
0 0.940234 0.223611 0.008594 0.044444
1 0.057813 0.334028 0.101562 0.129167
1 0.007812 0.106944 0.014063 0.022222
1 0.026953 0.119444 0.021094 0.033333
1 0.201953 0.372917 0.146094 0.145833
3 0.492578 0.128472 0.083594 0.073611
