3 0.005078 0.334722 0.010156 0.080556
3 0.699609 0.097917 0.044531 0.048611
1 0.646484 0.088889 0.039844 0.038889
1 0.293359 0.177778 0.083594 0.080556
1 0.777734 0.068056 0.041406 0.052778
1 0.816797 0.056944 0.021094 0.022222
0 0.138672 0.193056 0.011719 0.055556
1 0.842578 0.163889 0.032031 0.047222
0 0.924609 0.672917 0.036719 0.126389
1 0.892578 0.172222 0.027344 0.050000
3 0.771094 0.208333 0.064062 0.088889
1 0.426172 0.156250 0.074219 0.076389
1 0.717578 0.193750 0.055469 0.062500
0 0.063281 0.227083 0.014063 0.048611
0 0.869922 0.829861 0.041406 0.115278
1 0.489063 0.111111 0.060937 0.050000
0 0.131250 0.199306 0.012500 0.045833
1 0.057031 0.642361 0.114062 0.187500
