3 0.602734 0.103472 0.010156 0.045833
1 0.079297 0.072222 0.016406 0.027778
1 0.287109 0.443056 0.124219 0.152778
1 0.644141 0.086806 0.042969 0.043056
1 0.895703 0.570833 0.161719 0.161111
3 0.190234 0.086111 0.052344 0.069444
1 0.385547 0.371528 0.133594 0.187500
1 0.491406 0.135417 0.067187 0.054167
3 0.425391 0.179861 0.103906 0.098611
3 0.350391 0.101389 0.082031 0.094444
3 0.190625 0.086111 0.053125 0.069444
3 0.869922 0.187500 0.039844 0.069444
3 0.727344 0.225000 0.231250 0.175000
1 0.108594 0.073611 0.025000 0.036111
1 0.074609 0.210417 0.049219 0.076389
