3 0.726172 0.108333 0.044531 0.058333
1 0.621094 0.093750 0.043750 0.043056
1 0.573047 0.081944 0.047656 0.047222
1 0.863672 0.061806 0.013281 0.018056
1 0.876953 0.107639 0.021094 0.029167
3 0.675391 0.066667 0.039844 0.050000
1 0.639453 0.070139 0.036719 0.034722
3 0.948047 0.109722 0.014844 0.025000
3 0.675000 0.065972 0.037500 0.048611
0 0.289453 0.050694 0.008594 0.029167
1 0.316016 0.397917 0.150781 0.106944
3 0.370703 0.065972 0.058594 0.045833
0 0.444141 0.081250 0.010156 0.037500
1 0.375000 0.018750 0.056250 0.037500
1 0.026172 0.119444 0.022656 0.030556
