0 0.720703 0.139583 0.010156 0.040278
1 0.161719 0.095833 0.029687 0.033333
1 0.054688 0.197917 0.034375 0.051389
1 0.295703 0.331944 0.102344 0.116667
1 0.662891 0.081944 0.039844 0.038889
1 0.948438 0.604167 0.101562 0.122222
3 0.119531 0.254167 0.070312 0.102778
3 0.517578 0.186111 0.163281 0.166667
1 0.891797 0.263194 0.071094 0.073611
3 0.517578 0.186111 0.163281 0.166667
0 0.634766 0.027083 0.008594 0.034722
0 0.737109 0.146528 0.010156 0.048611
1 0.111328 0.081250 0.017969 0.026389
1 0.245312 0.117361 0.042188 0.040278
