1 0.151172 0.170139 0.038281 0.045833
3 0.831641 0.388889 0.132031 0.116667
3 0.125391 0.088889 0.021094 0.030556
3 0.301563 0.083333 0.053125 0.047222
3 0.030859 0.120833 0.022656 0.033333
3 0.598047 0.078472 0.036719 0.040278
3 0.149219 0.061806 0.023438 0.029167
3 0.245703 0.115278 0.042969 0.050000
3 0.190625 0.152083 0.043750 0.040278
1 0.124609 0.286111 0.060156 0.083333
1 0.048438 0.190972 0.031250 0.051389
3 0.711719 0.093056 0.042188 0.052778
1 0.482422 0.160417 0.069531 0.068056
1 0.687891 0.210417 0.107031 0.090278
1 0.008984 0.130556 0.017969 0.058333
3 0.009375 0.130556 0.018750 0.061111
1 0.068750 0.155556 0.031250 0.041667
