1 0.101953 0.322917 0.102344 0.104167
1 0.687500 0.204167 0.065625 0.069444
1 0.778516 0.211806 0.053906 0.073611
1 0.105859 0.181944 0.036719 0.058333
1 0.699609 0.120139 0.049219 0.056944
1 0.281641 0.184028 0.080469 0.073611
1 0.890234 0.165972 0.028906 0.048611
1 0.480469 0.139583 0.073438 0.059722
3 0.079687 0.162500 0.032813 0.050000
1 0.919141 0.137500 0.019531 0.036111
1 0.866016 0.144444 0.028906 0.044444
2 0.568359 0.067361 0.114844 0.093056
2 0.019141 0.199306 0.038281 0.123611
3 0.395703 0.376389 0.138281 0.155556
1 0.710938 0.076389 0.034375 0.030556
1 0.045703 0.828472 0.091406 0.184722
1 0.378906 0.019444 0.059375 0.036111
