1 0.440234 0.154861 0.077344 0.065278
1 0.101562 0.178472 0.034375 0.048611
1 0.526172 0.190278 0.058594 0.097222
3 0.784766 0.059028 0.024219 0.029167
1 0.755469 0.082639 0.032813 0.034722
1 0.680859 0.101389 0.039844 0.047222
1 0.650391 0.156250 0.050781 0.059722
1 0.780078 0.095139 0.032031 0.037500
3 0.950000 0.756250 0.098437 0.184722
1 0.126953 0.061111 0.017969 0.019444
1 0.641797 0.087500 0.044531 0.038889
1 0.051562 0.094444 0.017188 0.022222
1 0.492969 0.110417 0.064062 0.048611
1 0.666797 0.060417 0.038281 0.037500
