1 0.730859 0.206250 0.064844 0.054167
3 0.598047 0.078472 0.038281 0.045833
3 0.701172 0.092361 0.050781 0.065278
1 0.633203 0.175000 0.078906 0.066667
1 0.121094 0.151389 0.034375 0.044444
1 0.660547 0.078472 0.041406 0.048611
1 0.434766 0.067361 0.060156 0.043056
1 0.148828 0.062500 0.019531 0.027778
1 0.255078 0.163194 0.069531 0.068056
1 0.066797 0.120139 0.019531 0.031944
1 0.838672 0.053472 0.019531 0.023611
1 0.621094 0.443056 0.170313 0.150000
0 0.801953 0.025694 0.008594 0.037500
1 0.377734 0.020139 0.058594 0.034722
