3 0.637891 0.120139 0.064844 0.056944
1 0.779687 0.060417 0.021875 0.026389
0 0.383984 0.051389 0.008594 0.030556
1 0.709766 0.089583 0.050781 0.043056
1 0.564453 0.057639 0.046094 0.034722
1 0.490234 0.062500 0.049219 0.038889
1 0.016797 0.225000 0.033594 0.069444
0 0.331641 0.054861 0.007031 0.026389
3 0.321094 0.194444 0.100000 0.088889
1 0.052734 0.193750 0.032031 0.051389
0 0.941016 0.259722 0.011719 0.041667
1 0.047656 0.129861 0.021875 0.037500
0 0.943359 0.222222 0.013281 0.058333
0 0.923047 0.243056 0.010156 0.055556
3 0.622266 0.085417 0.058594 0.059722
1 0.005859 0.105556 0.011719 0.016667
1 0.027344 0.121528 0.018750 0.026389
1 0.224609 0.354167 0.141406 0.141667
