3 0.657031 0.108333 0.059375 0.058333
1 0.452344 0.116667 0.073438 0.063889
0 0.433984 0.081250 0.008594 0.043056
0 0.419922 0.084028 0.008594 0.040278
1 0.813672 0.053472 0.019531 0.026389
0 0.389453 0.088194 0.011719 0.040278
1 0.712500 0.088889 0.040625 0.047222
1 0.652344 0.049306 0.034375 0.031944
1 0.577734 0.054861 0.044531 0.037500
3 0.753516 0.241667 0.074219 0.094444
1 0.016016 0.217361 0.032031 0.065278
1 0.644531 0.236111 0.075000 0.075000
1 0.844141 0.051389 0.016406 0.019444
1 0.006250 0.548611 0.012500 0.097222
