1 0.639062 0.184028 0.050000 0.068056
1 0.169531 0.059722 0.021875 0.027778
1 0.123828 0.057639 0.017969 0.020833
1 0.016016 0.221528 0.032031 0.070833
1 0.053516 0.195833 0.030469 0.050000
0 0.975391 0.191667 0.010156 0.044444
1 0.102344 0.170833 0.035937 0.050000
1 0.076172 0.163194 0.024219 0.037500
3 0.590234 0.118750 0.071094 0.098611
1 0.275000 0.197222 0.051562 0.075000
1 0.016016 0.149306 0.021094 0.034722
1 0.244141 0.340278 0.099219 0.113889
1 0.897266 0.281250 0.082031 0.084722
1 0.066406 0.404861 0.106250 0.115278
0 0.983203 0.190278 0.008594 0.044444
1 0.257422 0.088889 0.044531 0.044444
