1 0.150781 0.170139 0.037500 0.045833
3 0.598047 0.077778 0.038281 0.044444
3 0.701172 0.096528 0.047656 0.054167
1 0.595703 0.381250 0.141406 0.123611
1 0.421094 0.072222 0.048438 0.036111
1 0.310547 0.082639 0.044531 0.043056
1 0.659766 0.072222 0.038281 0.047222
1 0.478906 0.127083 0.051562 0.051389
3 0.156250 0.080556 0.045312 0.061111
1 0.084766 0.126389 0.030469 0.041667
1 0.064453 0.201389 0.039844 0.058333
1 0.054688 0.270833 0.053125 0.108333
1 0.709766 0.072222 0.032031 0.033333
3 0.808203 0.372222 0.138281 0.130556
1 0.189062 0.068750 0.020313 0.026389
2 0.156250 0.081944 0.048438 0.066667
1 0.026953 0.122222 0.021094 0.030556
