1 0.150391 0.169444 0.038281 0.044444
3 0.526953 0.224306 0.103906 0.084722
3 0.219141 0.070833 0.036719 0.041667
3 0.058984 0.139583 0.041406 0.062500
3 0.598047 0.077778 0.036719 0.038889
3 0.191797 0.150694 0.046094 0.045833
1 0.392188 0.563889 0.176563 0.213889
1 0.103125 0.254861 0.048438 0.076389
3 0.704297 0.096528 0.047656 0.051389
1 0.311328 0.108333 0.044531 0.047222
1 0.479297 0.129861 0.080469 0.062500
1 0.023828 0.147917 0.038281 0.081944
3 0.023828 0.148611 0.036719 0.080556
1 0.145313 0.215278 0.050000 0.063889
3 0.636328 0.198611 0.133594 0.150000
3 0.773828 0.246528 0.119531 0.112500
