3 0.618359 0.180556 0.057031 0.083333
1 0.751563 0.083333 0.029687 0.036111
3 0.175000 0.236806 0.118750 0.112500
1 0.101562 0.178472 0.035937 0.051389
1 0.926953 0.098611 0.014844 0.025000
1 0.704297 0.094444 0.041406 0.047222
3 0.882422 0.101389 0.021094 0.027778
1 0.898828 0.126389 0.019531 0.030556
1 0.785156 0.061111 0.023438 0.027778
1 0.808984 0.086806 0.027344 0.031944
1 0.192969 0.068750 0.029687 0.026389
1 0.873828 0.068056 0.017969 0.022222
3 0.817578 0.132639 0.038281 0.045833
3 0.618359 0.181250 0.055469 0.084722
1 0.303125 0.070139 0.046875 0.034722
1 0.845703 0.050000 0.021094 0.016667
