1 0.102344 0.179861 0.037500 0.056944
1 0.938672 0.822917 0.121094 0.293056
3 0.076563 0.161111 0.031250 0.050000
2 0.017188 0.190278 0.034375 0.136111
1 0.868359 0.071528 0.016406 0.020833
1 0.106250 0.456250 0.131250 0.140278
1 0.377734 0.065278 0.069531 0.047222
3 0.003516 0.375694 0.007031 0.059722
1 0.168359 0.234028 0.091406 0.095833
1 0.939453 0.818056 0.119531 0.280556
1 0.135156 0.159028 0.034375 0.048611
3 0.579297 0.100694 0.063281 0.056944
3 0.487109 0.281250 0.072656 0.131944
1 0.004687 0.100000 0.009375 0.025000
3 0.758203 0.059028 0.032031 0.034722
