3 0.701562 0.096528 0.046875 0.048611
1 0.782031 0.071528 0.029687 0.051389
1 0.935547 0.100000 0.016406 0.025000
1 0.560547 0.089583 0.052344 0.048611
1 0.214844 0.070833 0.028125 0.027778
1 0.784766 0.070139 0.028906 0.048611
1 0.814453 0.058333 0.024219 0.022222
0 0.086328 0.209722 0.011719 0.044444
0 0.076953 0.229861 0.014844 0.051389
1 0.633984 0.323611 0.100781 0.102778
0 0.855859 0.831944 0.050781 0.150000
1 0.673828 0.420139 0.097656 0.145833
3 0.362891 0.177083 0.102344 0.098611
3 0.229687 0.615278 0.262500 0.291667
1 0.656641 0.081250 0.042969 0.048611
