3 0.658203 0.144444 0.058594 0.066667
1 0.754687 0.081944 0.029687 0.038889
3 0.101172 0.322917 0.202344 0.181944
1 0.458203 0.115278 0.067969 0.061111
3 0.596484 0.077778 0.057031 0.041667
1 0.101172 0.178472 0.035156 0.051389
1 0.103516 0.065972 0.017969 0.023611
1 0.865234 0.140278 0.027344 0.041667
1 0.721094 0.090278 0.037500 0.044444
3 0.760547 0.170139 0.046094 0.051389
1 0.733984 0.263889 0.066406 0.075000
1 0.819922 0.056250 0.021094 0.020833
1 0.787891 0.059722 0.021094 0.025000
1 0.423828 0.068056 0.060156 0.036111
3 0.532031 0.118056 0.075000 0.066667
3 0.036719 0.056944 0.073438 0.047222
1 0.871484 0.068750 0.016406 0.020833
3 0.276953 0.445139 0.182031 0.173611
