3 0.765625 0.839583 0.254688 0.315278
1 0.742578 0.110417 0.038281 0.045833
1 0.493750 0.247917 0.067187 0.126389
1 0.234766 0.071528 0.033594 0.031944
1 0.180469 0.061111 0.025000 0.030556
1 0.017578 0.225000 0.035156 0.069444
1 0.055859 0.197222 0.032031 0.050000
0 0.939453 0.257639 0.013281 0.054167
1 0.100781 0.169444 0.037500 0.052778
0 0.924609 0.243056 0.013281 0.058333
1 0.071875 0.157639 0.026562 0.037500
3 0.676172 0.089583 0.057031 0.073611
1 0.135547 0.354861 0.110156 0.115278
2 0.377734 0.017361 0.060156 0.034722
1 0.008594 0.140278 0.017188 0.033333
0 0.316406 0.052083 0.006250 0.029167
1 0.021484 0.536806 0.042969 0.095833
1 0.367578 0.165278 0.042969 0.077778
