3 0.658984 0.109028 0.058594 0.054167
1 0.508594 0.100694 0.062500 0.056944
0 0.429297 0.083333 0.008594 0.044444
1 0.819922 0.055556 0.021094 0.022222
0 0.383203 0.090278 0.011719 0.038889
1 0.711328 0.090278 0.035156 0.044444
3 0.912109 0.143056 0.033594 0.061111
1 0.015234 0.219444 0.030469 0.077778
0 0.414453 0.088194 0.010156 0.037500
1 0.583203 0.052778 0.046094 0.038889
3 0.832422 0.152778 0.039844 0.058333
3 0.698828 0.283333 0.092969 0.113889
1 0.015625 0.218056 0.031250 0.080556
1 0.551562 0.295139 0.096875 0.090278
1 0.848047 0.051389 0.016406 0.019444
0 0.360547 0.101389 0.011719 0.038889
1 0.006250 0.548611 0.012500 0.094444
