1 0.153906 0.170833 0.040625 0.052778
3 0.598437 0.079861 0.039062 0.040278
3 0.701172 0.096528 0.047656 0.051389
1 0.151562 0.127083 0.025000 0.034722
1 0.063672 0.118750 0.030469 0.031944
1 0.660156 0.075000 0.037500 0.050000
1 0.172266 0.104167 0.032031 0.050000
1 0.082812 0.127778 0.021875 0.036111
1 0.711328 0.072222 0.032031 0.036111
1 0.250000 0.352778 0.126562 0.094444
1 0.807813 0.059028 0.018750 0.023611
1 0.273047 0.084028 0.035156 0.031944
1 0.388281 0.076389 0.053125 0.030556
3 0.792578 0.490972 0.191406 0.198611
