1 0.147656 0.167361 0.040625 0.045833
3 0.188672 0.140972 0.047656 0.059722
1 0.860547 0.743056 0.166406 0.247222
3 0.600391 0.073611 0.038281 0.041667
3 0.146484 0.089583 0.025781 0.031944
3 0.189453 0.144444 0.050781 0.052778
3 0.702734 0.095833 0.049219 0.050000
1 0.278516 0.073611 0.047656 0.050000
3 0.309766 0.417361 0.200781 0.312500
3 0.321484 0.131250 0.069531 0.081944
1 0.136719 0.289583 0.065625 0.104167
1 0.779687 0.476389 0.151562 0.147222
1 0.136719 0.290278 0.067187 0.105556
2 0.180469 0.065972 0.037500 0.056944
1 0.509766 0.063194 0.047656 0.031944
3 0.668750 0.208333 0.175000 0.175000
1 0.659766 0.290278 0.119531 0.111111
1 0.856641 0.306944 0.094531 0.083333
