1 0.151172 0.170139 0.038281 0.045833
3 0.148047 0.125694 0.032031 0.037500
3 0.597656 0.077778 0.035937 0.038889
3 0.700391 0.095833 0.049219 0.052778
1 0.538672 0.356944 0.136719 0.116667
1 0.421484 0.070139 0.050781 0.037500
1 0.659766 0.075694 0.038281 0.048611
1 0.297656 0.084028 0.039062 0.040278
1 0.239453 0.383333 0.103906 0.138889
1 0.071094 0.163194 0.031250 0.045833
1 0.710547 0.072222 0.030469 0.033333
3 0.349219 0.147222 0.078125 0.080556
3 0.600391 0.158333 0.121094 0.108333
3 0.850391 0.353472 0.230469 0.237500
