1 0.102344 0.181250 0.039062 0.056944
1 0.608203 0.204167 0.055469 0.100000
1 0.275000 0.191667 0.087500 0.072222
3 0.076563 0.160417 0.032813 0.054167
2 0.017188 0.197222 0.034375 0.119444
1 0.905078 0.090972 0.017969 0.026389
1 0.056641 0.504861 0.113281 0.151389
1 0.652344 0.045139 0.040625 0.034722
3 0.017578 0.333333 0.033594 0.086111
3 0.522266 0.087500 0.086719 0.080556
1 0.619141 0.069444 0.044531 0.041667
3 0.424609 0.141667 0.142969 0.113889
1 0.607812 0.203472 0.053125 0.101389
3 0.767578 0.060417 0.030469 0.034722
