0 0.739453 0.152083 0.008594 0.043056
1 0.264844 0.099306 0.046875 0.051389
1 0.657031 0.955556 0.168750 0.086111
1 0.034375 0.173611 0.029687 0.044444
1 0.167578 0.226389 0.055469 0.069444
1 0.673828 0.078472 0.038281 0.040278
1 0.957422 0.604861 0.082031 0.104167
0 0.665234 0.119444 0.014844 0.055556
1 0.640625 0.224306 0.059375 0.065278
3 0.091719 0.227431 0.086563 0.121528
3 0.743359 0.299306 0.211719 0.231944
3 0.653906 0.952083 0.159375 0.093056
1 0.946484 0.311806 0.071094 0.070833
1 0.141016 0.090278 0.024219 0.030556
3 0.695312 0.574306 0.257812 0.370833
1 0.333984 0.149306 0.060156 0.051389
