3 0.623828 0.121528 0.066406 0.068056
1 0.878516 0.054167 0.017969 0.022222
0 0.375781 0.052083 0.009375 0.029167
1 0.706641 0.090972 0.041406 0.045833
1 0.551562 0.059722 0.048438 0.036111
1 0.462500 0.064583 0.053125 0.037500
1 0.016797 0.224306 0.033594 0.070833
3 0.173047 0.265278 0.108594 0.108333
1 0.053906 0.195833 0.031250 0.050000
0 0.941016 0.253472 0.011719 0.051389
1 0.051953 0.140278 0.025781 0.030556
0 0.923828 0.240972 0.011719 0.054167
3 0.553906 0.106250 0.068750 0.070833
1 0.028516 0.122222 0.022656 0.030556
3 0.694141 0.124306 0.057031 0.062500
1 0.228516 0.350000 0.139844 0.138889
