3 0.653516 0.111806 0.053906 0.056944
0 0.445703 0.070833 0.007031 0.044444
1 0.837891 0.052778 0.019531 0.022222
0 0.435547 0.079861 0.010156 0.037500
3 0.376953 0.018750 0.057031 0.034722
1 0.705078 0.096528 0.042969 0.045833
1 0.626953 0.055556 0.041406 0.027778
0 0.446094 0.072222 0.007812 0.044444
1 0.573828 0.055556 0.044531 0.036111
3 0.907422 0.136111 0.027344 0.041667
1 0.017969 0.225000 0.035937 0.072222
1 0.866797 0.109722 0.019531 0.030556
1 0.794531 0.056944 0.021875 0.030556
0 0.405078 0.092361 0.010156 0.040278
3 0.060937 0.340278 0.121875 0.138889
1 0.491406 0.134028 0.067187 0.056944
0 0.934766 0.220833 0.008594 0.041667
3 0.325391 0.424306 0.158594 0.151389
1 0.032031 0.517361 0.064062 0.115278
