3 0.801172 0.262500 0.113281 0.102778
1 0.152734 0.167361 0.025781 0.045833
3 0.653906 0.556944 0.181250 0.219444
1 0.751953 0.077083 0.035156 0.056944
1 0.730078 0.854167 0.246094 0.288889
1 0.156250 0.310417 0.070312 0.098611
3 0.104688 0.066667 0.020313 0.027778
1 0.057422 0.194444 0.039844 0.069444
3 0.607422 0.076389 0.038281 0.038889
3 0.190625 0.077778 0.035937 0.047222
3 0.174219 0.134722 0.043750 0.058333
3 0.123828 0.180556 0.053906 0.097222
1 0.056641 0.295833 0.047656 0.094444
1 0.017578 0.156944 0.024219 0.036111
1 0.717578 0.277083 0.102344 0.081944
1 0.174219 0.136111 0.045312 0.058333
3 0.908984 0.431250 0.138281 0.134722
1 0.006641 0.137500 0.013281 0.027778
