1 0.771875 0.597222 0.154688 0.244444
1 0.229687 0.111806 0.045312 0.048611
1 0.119531 0.065278 0.026562 0.030556
1 0.015625 0.219444 0.031250 0.080556
1 0.053516 0.195833 0.030469 0.052778
1 0.101953 0.170833 0.036719 0.055556
0 0.926953 0.251389 0.008594 0.038889
1 0.077344 0.163889 0.021875 0.036111
3 0.486328 0.241667 0.072656 0.177778
1 0.868359 0.188889 0.039844 0.061111
1 0.264453 0.180556 0.041406 0.061111
0 0.941016 0.257639 0.011719 0.051389
1 0.368359 0.161111 0.038281 0.066667
1 0.225000 0.112500 0.040625 0.047222
1 0.368359 0.161111 0.038281 0.066667
