1 0.213672 0.258333 0.069531 0.097222
3 0.125781 0.193056 0.045312 0.066667
2 0.049219 0.277083 0.093750 0.195833
1 0.148047 0.165972 0.036719 0.045833
1 0.296484 0.434722 0.135156 0.186111
1 0.053906 0.194444 0.043750 0.047222
3 0.056250 0.144444 0.023438 0.030556
1 0.772266 0.052083 0.022656 0.020833
1 0.080859 0.156250 0.030469 0.048611
3 0.608203 0.248611 0.133594 0.119444
1 0.031250 0.164583 0.025000 0.040278
1 0.009375 0.140972 0.018750 0.034722
3 0.712109 0.254861 0.125781 0.109722
3 0.712109 0.256250 0.125781 0.112500
3 0.632031 0.189583 0.095312 0.073611
1 0.895703 0.052778 0.013281 0.019444
