1 0.919922 0.102778 0.019531 0.025000
1 0.932422 0.100694 0.013281 0.020833
1 0.104688 0.181250 0.037500 0.059722
1 0.694141 0.122222 0.052344 0.063889
1 0.780078 0.053472 0.024219 0.020833
3 0.079687 0.162500 0.034375 0.052778
2 0.019141 0.199306 0.038281 0.123611
3 0.495703 0.126389 0.080469 0.072222
1 0.204297 0.257639 0.091406 0.087500
1 0.874609 0.140278 0.027344 0.041667
3 0.620703 0.072917 0.047656 0.045833
1 0.787500 0.201389 0.046875 0.063889
3 0.409766 0.131250 0.089844 0.073611
1 0.011328 0.548611 0.022656 0.102778
3 0.725781 0.185417 0.054688 0.056944
