1 0.865234 0.115972 0.025781 0.031944
1 0.901953 0.117361 0.022656 0.037500
1 0.107422 0.167361 0.027344 0.031944
1 0.697266 0.120833 0.050781 0.061111
3 0.080078 0.161806 0.033594 0.051389
2 0.189453 0.195833 0.225781 0.211111
1 0.544141 0.119444 0.055469 0.050000
1 0.775000 0.220139 0.050000 0.065278
1 0.377734 0.018056 0.060156 0.033333
3 0.790625 0.056250 0.025000 0.031944
3 0.704297 0.059028 0.041406 0.037500
1 0.457422 0.452083 0.146094 0.151389
3 0.581641 0.080556 0.055469 0.050000
1 0.772266 0.050000 0.022656 0.027778
3 0.293359 0.457639 0.160156 0.140278
