1 0.151172 0.170139 0.039844 0.048611
3 0.336719 0.150694 0.064062 0.054167
1 0.119531 0.189583 0.040625 0.062500
3 0.169141 0.061806 0.028906 0.034722
3 0.598437 0.078472 0.039062 0.043056
1 0.192578 0.145139 0.046094 0.062500
1 0.264844 0.424306 0.115625 0.154167
3 0.701953 0.091667 0.049219 0.063889
1 0.220312 0.086111 0.037500 0.038889
3 0.050000 0.182639 0.053125 0.098611
1 0.365234 0.385417 0.128906 0.134722
3 0.566016 0.151389 0.100781 0.086111
1 0.859766 0.344444 0.096094 0.061111
3 0.885547 0.422222 0.132031 0.130556
1 0.967187 0.585417 0.064062 0.118056
