3 0.697266 0.098611 0.041406 0.052778
1 0.548047 0.092361 0.053906 0.051389
1 0.205078 0.068750 0.027344 0.029167
1 0.816016 0.058333 0.024219 0.025000
0 0.091016 0.207639 0.010156 0.043056
0 0.083594 0.227083 0.014063 0.051389
1 0.666016 0.298611 0.089844 0.091667
0 0.862891 0.824306 0.049219 0.159722
1 0.714453 0.375694 0.085156 0.126389
3 0.330469 0.189583 0.117188 0.106944
3 0.330469 0.538889 0.237500 0.252778
1 0.647266 0.081944 0.041406 0.050000
1 0.246875 0.486806 0.125000 0.148611
0 0.015234 0.262500 0.017969 0.052778
0 0.871484 0.952778 0.038281 0.091667
