3 0.687109 0.097917 0.046094 0.056944
1 0.088672 0.327778 0.097656 0.102778
1 0.782422 0.068056 0.035156 0.050000
0 0.216016 0.161806 0.011719 0.054167
1 0.920703 0.104167 0.014844 0.025000
0 0.958203 0.535417 0.024219 0.093056
3 0.904297 0.113194 0.022656 0.040278
1 0.880859 0.103472 0.021094 0.031944
0 0.138672 0.187500 0.013281 0.052778
1 0.740234 0.175000 0.046094 0.055556
0 0.930078 0.660417 0.036719 0.176389
1 0.548047 0.120833 0.057031 0.055556
3 0.869922 0.206250 0.036719 0.065278
1 0.623047 0.340278 0.114844 0.111111
1 0.105078 0.742361 0.191406 0.220833
3 0.837891 0.056944 0.021094 0.019444
1 0.006250 0.548611 0.012500 0.094444
