1 0.150781 0.169444 0.039062 0.050000
3 0.192578 0.152083 0.044531 0.043056
1 0.376953 0.017361 0.057031 0.034722
3 0.583984 0.672222 0.285156 0.413889
3 0.701953 0.091667 0.047656 0.061111
1 0.137891 0.122917 0.027344 0.037500
1 0.596094 0.381944 0.143750 0.125000
1 0.423047 0.071528 0.052344 0.037500
1 0.706641 0.220139 0.083594 0.076389
3 0.258984 0.107639 0.088281 0.090278
1 0.080078 0.127083 0.021094 0.037500
1 0.023047 0.157639 0.024219 0.040278
1 0.010547 0.192361 0.021094 0.065278
1 0.006641 0.105556 0.011719 0.025000
