3 0.644922 0.152778 0.058594 0.069444
1 0.752734 0.086111 0.027344 0.027778
1 0.209375 0.210417 0.087500 0.095833
3 0.434766 0.127083 0.092969 0.070833
1 0.101562 0.177778 0.034375 0.050000
1 0.066797 0.061806 0.011719 0.018056
1 0.905859 0.113194 0.019531 0.031944
1 0.715234 0.092361 0.039844 0.043056
3 0.841797 0.123611 0.025781 0.033333
1 0.853516 0.165278 0.030469 0.044444
1 0.806641 0.057639 0.017969 0.020833
1 0.271484 0.077778 0.042969 0.025000
3 0.275000 0.220833 0.120313 0.105556
1 0.842578 0.078472 0.021094 0.026389
3 0.695703 0.194444 0.072656 0.077778
3 0.596484 0.342361 0.124219 0.129167
