1 0.148828 0.168056 0.038281 0.044444
3 0.190234 0.142361 0.047656 0.059722
3 0.131641 0.263889 0.075781 0.130556
3 0.600781 0.075000 0.042188 0.038889
3 0.702734 0.095139 0.047656 0.051389
3 0.120703 0.079167 0.025781 0.038889
1 0.603125 0.384028 0.143750 0.126389
1 0.430859 0.068056 0.055469 0.036111
1 0.385547 0.107639 0.057031 0.043056
1 0.712891 0.072917 0.032031 0.034722
3 0.455078 0.148611 0.046094 0.063889
3 0.542969 0.198611 0.171875 0.175000
0 0.805078 0.021528 0.008594 0.037500
1 0.078906 0.125694 0.025000 0.037500
