1 0.640234 0.180556 0.049219 0.066667
1 0.170703 0.059722 0.022656 0.027778
1 0.125000 0.056944 0.018750 0.022222
1 0.016016 0.221528 0.032031 0.070833
1 0.053125 0.195833 0.031250 0.050000
0 0.974609 0.191667 0.008594 0.044444
1 0.102344 0.170833 0.035937 0.050000
1 0.075781 0.163194 0.025000 0.040278
3 0.591797 0.117361 0.072656 0.098611
1 0.272266 0.201389 0.052344 0.075000
1 0.015234 0.149306 0.021094 0.034722
1 0.239453 0.345139 0.099219 0.112500
1 0.900391 0.283333 0.085156 0.086111
1 0.060547 0.409722 0.107031 0.113889
0 0.983984 0.190972 0.008594 0.045833
1 0.259766 0.089583 0.046094 0.045833
