1 0.151562 0.168750 0.037500 0.048611
1 0.199219 0.250694 0.062500 0.090278
3 0.251172 0.121528 0.041406 0.043056
3 0.603516 0.077083 0.049219 0.043056
3 0.174219 0.078472 0.026562 0.034722
3 0.191406 0.150694 0.048438 0.045833
1 0.192188 0.145833 0.045312 0.055556
1 0.701562 0.839583 0.235937 0.312500
3 0.701172 0.097222 0.047656 0.052778
1 0.173437 0.077083 0.025000 0.034722
3 0.088281 0.215278 0.067187 0.130556
1 0.833984 0.744444 0.203906 0.252778
3 0.305078 0.088889 0.066406 0.077778
3 0.448828 0.113194 0.086719 0.073611
1 0.625000 0.218750 0.089063 0.051389
3 0.649609 0.282639 0.125781 0.109722
1 0.926953 0.557639 0.138281 0.140278
1 0.928906 0.557639 0.140625 0.140278
