1 0.051953 0.355556 0.102344 0.111111
1 0.708594 0.193056 0.059375 0.063889
1 0.794531 0.200694 0.050000 0.070833
1 0.105859 0.181944 0.036719 0.058333
1 0.699219 0.120833 0.051562 0.058333
1 0.245703 0.197917 0.082031 0.081944
1 0.894922 0.161111 0.030469 0.050000
1 0.453516 0.149306 0.077344 0.062500
3 0.079687 0.162500 0.034375 0.052778
1 0.922266 0.134028 0.017969 0.031944
1 0.870703 0.140972 0.025781 0.043056
2 0.554297 0.072917 0.122656 0.095833
2 0.019141 0.199306 0.038281 0.123611
3 0.463281 0.337500 0.123438 0.138889
1 0.705078 0.075694 0.033594 0.034722
1 0.086719 0.786806 0.173437 0.237500
