3 0.664453 0.107639 0.055469 0.054167
1 0.660547 0.063194 0.041406 0.037500
0 0.403125 0.088194 0.007812 0.043056
0 0.390625 0.090278 0.009375 0.038889
1 0.840234 0.049306 0.017969 0.020833
3 0.886328 0.095139 0.024219 0.037500
3 0.039062 0.310417 0.078125 0.104167
1 0.713281 0.091667 0.029687 0.044444
3 0.038281 0.312500 0.076563 0.105556
3 0.305469 0.151389 0.115625 0.125000
1 0.798828 0.057639 0.017969 0.023611
1 0.012500 0.212500 0.025000 0.063889
0 0.386719 0.093056 0.010937 0.041667
1 0.617578 0.047917 0.038281 0.034722
3 0.855859 0.202083 0.064844 0.109722
3 0.142578 0.721528 0.236719 0.273611
1 0.005859 0.548611 0.011719 0.094444
