0 0.826953 0.193750 0.013281 0.056944
1 0.126953 0.268056 0.055469 0.091667
1 0.785547 0.060417 0.022656 0.029167
1 0.393359 0.528472 0.158594 0.193056
1 0.262891 0.293750 0.082031 0.093056
1 0.332813 0.089583 0.050000 0.037500
3 0.330859 0.723611 0.249219 0.369444
3 0.149609 0.074306 0.022656 0.029167
1 0.656250 0.240278 0.093750 0.080556
1 0.732422 0.230556 0.085156 0.080556
3 0.056250 0.289583 0.062500 0.134722
1 0.926953 0.755556 0.075781 0.197222
1 0.134375 0.199306 0.045312 0.056944
1 0.543359 0.236111 0.092969 0.075000
3 0.054297 0.135417 0.032031 0.062500
