1 0.435547 0.426389 0.128906 0.133333
0 0.893750 0.228472 0.012500 0.048611
1 0.135156 0.191667 0.040625 0.061111
1 0.034766 0.168750 0.027344 0.048611
1 0.137500 0.452778 0.095312 0.147222
1 0.336719 0.093750 0.050000 0.040278
1 0.067969 0.211806 0.037500 0.056944
1 0.542188 0.236806 0.101562 0.081944
1 0.078516 0.156944 0.030469 0.044444
1 0.785547 0.263889 0.100781 0.080556
3 0.020313 0.236806 0.040625 0.079167
3 0.127734 0.275000 0.067969 0.097222
1 0.004687 0.181250 0.009375 0.045833
1 0.855078 0.050694 0.011719 0.015278
1 0.992969 0.099306 0.012500 0.040278
