1 0.836328 0.714583 0.197656 0.268056
3 0.350000 0.350000 0.120313 0.144444
2 0.225000 0.588889 0.317188 0.569444
1 0.146094 0.163889 0.039062 0.041667
1 0.155469 0.295139 0.071875 0.081944
3 0.080078 0.157639 0.033594 0.048611
1 0.826172 0.063889 0.024219 0.033333
1 0.149609 0.209028 0.049219 0.076389
1 0.055469 0.194444 0.032813 0.052778
1 0.019922 0.157639 0.022656 0.037500
3 0.344922 0.113194 0.069531 0.059722
3 0.344922 0.113194 0.072656 0.059722
3 0.308203 0.087500 0.046094 0.033333
1 0.006641 0.131250 0.013281 0.037500
3 0.715625 0.225694 0.087500 0.068056
3 0.782422 0.352778 0.130469 0.116667
3 0.821875 0.313889 0.126562 0.125000
3 0.269531 0.116667 0.057813 0.061111
