1 0.606641 0.213889 0.089844 0.069444
3 0.598047 0.079167 0.036719 0.038889
3 0.700391 0.096528 0.049219 0.054167
1 0.480859 0.177083 0.089844 0.068056
1 0.109375 0.145833 0.031250 0.036111
1 0.040625 0.064583 0.032813 0.034722
1 0.462109 0.064583 0.053906 0.043056
1 0.173828 0.065278 0.022656 0.030556
3 0.719141 0.168056 0.078906 0.069444
1 0.208594 0.152778 0.046875 0.055556
1 0.060937 0.118750 0.023438 0.031944
1 0.848047 0.052778 0.017969 0.019444
1 0.040625 0.104167 0.020313 0.022222
1 0.851172 0.538889 0.160156 0.166667
