3 0.653125 0.112500 0.056250 0.058333
3 0.376172 0.019444 0.057031 0.033333
1 0.705859 0.093750 0.044531 0.043056
1 0.598047 0.055556 0.042969 0.030556
1 0.533984 0.059722 0.049219 0.038889
1 0.017188 0.224306 0.034375 0.065278
0 0.369141 0.054167 0.011719 0.041667
3 0.655078 0.080556 0.046094 0.041667
1 0.047266 0.187500 0.030469 0.050000
0 0.940234 0.223611 0.008594 0.044444
1 0.037109 0.355556 0.074219 0.133333
1 0.008203 0.106250 0.014844 0.023611
1 0.027344 0.119444 0.021875 0.033333
1 0.850391 0.051389 0.014844 0.019444
1 0.203906 0.370833 0.145313 0.144444
3 0.476562 0.134722 0.085938 0.072222
