0 0.819141 0.190278 0.011719 0.052778
1 0.160156 0.302083 0.067187 0.109722
1 0.773047 0.061111 0.025781 0.030556
1 0.561328 0.684028 0.208594 0.259722
1 0.342578 0.352778 0.110156 0.116667
1 0.298047 0.082639 0.044531 0.037500
3 0.538281 0.872222 0.326562 0.252778
3 0.538281 0.871528 0.325000 0.251389
3 0.132031 0.071528 0.020313 0.023611
1 0.576562 0.204167 0.084375 0.072222
1 0.642578 0.188889 0.078906 0.072222
3 0.077734 0.328472 0.078906 0.159722
1 0.098437 0.109028 0.026562 0.043056
1 0.161328 0.217361 0.050781 0.062500
1 0.471094 0.206250 0.084375 0.070833
3 0.061719 0.140972 0.035937 0.068056
1 0.898047 0.369444 0.100781 0.108333
