1 0.151172 0.170139 0.039844 0.048611
3 0.596484 0.079167 0.033594 0.038889
3 0.701172 0.096528 0.049219 0.054167
1 0.144922 0.124306 0.025781 0.034722
1 0.595703 0.381944 0.144531 0.127778
1 0.421875 0.072222 0.053125 0.036111
1 0.660547 0.072222 0.038281 0.052778
1 0.547266 0.144444 0.071094 0.050000
3 0.185156 0.085417 0.057813 0.068056
1 0.084766 0.126389 0.030469 0.041667
1 0.044922 0.181944 0.032031 0.050000
1 0.031250 0.233333 0.042188 0.088889
1 0.347266 0.090278 0.050781 0.044444
1 0.709766 0.074306 0.032031 0.037500
