3 0.651953 0.111806 0.055469 0.059722
1 0.828516 0.054861 0.017969 0.023611
3 0.376953 0.018750 0.057031 0.037500
1 0.702734 0.095139 0.041406 0.043056
1 0.583984 0.056944 0.042969 0.030556
1 0.519922 0.062500 0.050781 0.041667
1 0.017578 0.224306 0.035156 0.068056
0 0.363281 0.057639 0.009375 0.037500
3 0.561328 0.109028 0.064844 0.059722
1 0.050000 0.190278 0.031250 0.050000
1 0.014063 0.112500 0.014063 0.022222
1 0.032422 0.120833 0.032031 0.027778
1 0.217578 0.358333 0.141406 0.141667
3 0.289062 0.209722 0.112500 0.100000
