1 0.148828 0.168056 0.038281 0.044444
3 0.188672 0.140278 0.047656 0.063889
3 0.148438 0.279167 0.085938 0.138889
3 0.600781 0.074306 0.040625 0.037500
3 0.703125 0.095833 0.048438 0.050000
1 0.661719 0.078472 0.040625 0.043056
3 0.116016 0.077083 0.022656 0.037500
1 0.601172 0.381944 0.144531 0.130556
1 0.429297 0.068056 0.052344 0.036111
1 0.369531 0.102778 0.053125 0.041667
1 0.709766 0.072917 0.036719 0.040278
3 0.421094 0.136806 0.043750 0.062500
3 0.503125 0.181250 0.159375 0.159722
0 0.805078 0.020833 0.008594 0.038889
1 0.078125 0.125000 0.026562 0.038889
1 0.637109 0.179167 0.086719 0.075000
