0 0.717578 0.138889 0.011719 0.044444
1 0.138672 0.070139 0.025781 0.031944
1 0.151562 0.093056 0.025000 0.030556
1 0.062500 0.206250 0.035937 0.054167
1 0.355078 0.380556 0.128906 0.136111
1 0.660156 0.081250 0.040625 0.037500
1 0.947266 0.606250 0.103906 0.129167
3 0.135156 0.271528 0.078125 0.106944
3 0.470703 0.168750 0.150781 0.151389
1 0.881250 0.236111 0.056250 0.030556
0 0.734766 0.143056 0.007031 0.044444
3 0.471094 0.168750 0.150000 0.151389
3 0.883984 0.324306 0.167969 0.204167
1 0.003125 0.197222 0.006250 0.038889
1 0.105469 0.080556 0.017188 0.025000
1 0.228516 0.113194 0.035156 0.037500
