3 0.680078 0.102083 0.044531 0.048611
1 0.642578 0.084722 0.042969 0.044444
1 0.783594 0.067361 0.032813 0.051389
0 0.232422 0.150000 0.008594 0.050000
0 0.966016 0.509722 0.021094 0.097222
3 0.919922 0.100694 0.016406 0.031944
0 0.154688 0.175694 0.014063 0.045833
0 0.944141 0.575694 0.028906 0.065278
0 0.221094 0.151389 0.009375 0.050000
1 0.798047 0.140972 0.033594 0.045833
1 0.475781 0.113194 0.060937 0.048611
0 0.936328 0.647222 0.030469 0.111111
1 0.430078 0.158333 0.074219 0.063889
3 0.898828 0.172222 0.028906 0.050000
1 0.729297 0.258333 0.074219 0.080556
1 0.382422 0.513889 0.166406 0.163889
0 0.212109 0.150000 0.010156 0.050000
1 0.005859 0.536806 0.011719 0.076389
