3 0.583203 0.141667 0.069531 0.075000
1 0.859766 0.062500 0.016406 0.022222
1 0.686328 0.098611 0.047656 0.050000
1 0.507422 0.061806 0.050781 0.040278
1 0.394922 0.068056 0.058594 0.041667
1 0.017188 0.224306 0.034375 0.065278
1 0.055859 0.196528 0.032031 0.048611
0 0.939453 0.254861 0.011719 0.056944
1 0.062891 0.147917 0.024219 0.034722
1 0.656641 0.084028 0.039844 0.037500
0 0.923047 0.244444 0.011719 0.055556
3 0.314453 0.187500 0.108594 0.119444
3 0.658203 0.145833 0.060156 0.072222
3 0.591797 0.079167 0.053906 0.044444
3 0.583203 0.141667 0.071094 0.075000
1 0.242969 0.338194 0.135937 0.134722
