3 0.641406 0.154861 0.059375 0.073611
1 0.754297 0.075694 0.032031 0.048611
1 0.154297 0.238889 0.086719 0.102778
3 0.394922 0.140278 0.099219 0.075000
1 0.101562 0.177778 0.034375 0.050000
1 0.061328 0.059028 0.014844 0.020833
1 0.909766 0.111806 0.019531 0.029167
1 0.714063 0.091667 0.040625 0.044444
3 0.850391 0.118056 0.027344 0.033333
1 0.864453 0.154861 0.027344 0.040278
1 0.803125 0.058333 0.018750 0.022222
1 0.837109 0.079861 0.021094 0.026389
1 0.253516 0.077083 0.035156 0.023611
3 0.212109 0.252778 0.121094 0.113889
3 0.727734 0.177083 0.061719 0.070833
3 0.646094 0.304861 0.106250 0.115278
