0 0.737891 0.151389 0.008594 0.041667
1 0.262891 0.099306 0.046094 0.051389
1 0.035156 0.174306 0.028125 0.043056
1 0.171094 0.229167 0.056250 0.072222
1 0.673047 0.079167 0.038281 0.038889
1 0.956641 0.604167 0.083594 0.105556
0 0.664453 0.122222 0.013281 0.050000
1 0.633203 0.221528 0.061719 0.062500
3 0.094609 0.233750 0.087656 0.128611
1 0.064844 0.147917 0.028125 0.034722
3 0.732422 0.293056 0.213281 0.227778
1 0.139453 0.089583 0.022656 0.029167
3 0.719141 0.590278 0.261719 0.377778
1 0.327344 0.146528 0.057813 0.048611
