1 0.151172 0.169444 0.039844 0.050000
3 0.598047 0.077778 0.038281 0.044444
3 0.701562 0.097222 0.048438 0.052778
1 0.594141 0.381250 0.142969 0.123611
1 0.423047 0.070833 0.049219 0.036111
1 0.659766 0.077083 0.039844 0.045833
1 0.433203 0.115972 0.052344 0.051389
3 0.140234 0.077083 0.041406 0.056944
1 0.080078 0.218750 0.042969 0.059722
1 0.075391 0.303472 0.066406 0.126389
3 0.694531 0.306250 0.139063 0.118056
1 0.175391 0.066667 0.022656 0.027778
1 0.030859 0.125000 0.028906 0.036111
3 0.881641 0.293750 0.135156 0.145833
