3 0.639453 0.157639 0.061719 0.073611
1 0.753516 0.077083 0.032031 0.048611
1 0.112891 0.262500 0.088281 0.105556
3 0.362500 0.153472 0.106250 0.079167
1 0.101562 0.177778 0.034375 0.050000
1 0.057813 0.059028 0.015625 0.020833
1 0.913672 0.109028 0.017969 0.026389
1 0.713672 0.093056 0.039844 0.041667
3 0.857422 0.115972 0.022656 0.029167
1 0.871484 0.149306 0.027344 0.040278
1 0.800391 0.059028 0.019531 0.023611
1 0.833203 0.081250 0.022656 0.026389
1 0.240234 0.076389 0.036719 0.027778
3 0.165625 0.279861 0.129688 0.120833
3 0.748828 0.166667 0.055469 0.069444
