3 0.667578 0.106944 0.053906 0.055556
1 0.387891 0.168056 0.082031 0.072222
1 0.741797 0.083333 0.036719 0.041667
0 0.275391 0.132639 0.011719 0.048611
0 0.198828 0.155556 0.013281 0.044444
1 0.877734 0.098611 0.017969 0.030556
1 0.125781 0.263889 0.090625 0.091667
0 0.952734 0.552778 0.030469 0.097222
1 0.857422 0.156944 0.033594 0.047222
1 0.752734 0.231250 0.055469 0.068056
3 0.448828 0.063889 0.066406 0.041667
3 0.595703 0.246528 0.110156 0.109722
3 0.560547 0.086111 0.061719 0.052778
1 0.783984 0.057639 0.033594 0.070833
1 0.005859 0.547917 0.011719 0.098611
