1 0.345313 0.213889 0.090625 0.069444
3 0.598437 0.079861 0.039062 0.043056
3 0.701172 0.097222 0.049219 0.055556
1 0.261719 0.163889 0.059375 0.061111
1 0.096484 0.133333 0.032031 0.044444
1 0.659766 0.075694 0.039844 0.051389
1 0.075000 0.075000 0.018750 0.025000
1 0.705859 0.070833 0.041406 0.036111
1 0.531641 0.060417 0.049219 0.040278
1 0.236719 0.070139 0.034375 0.037500
1 0.062500 0.415278 0.115625 0.108333
3 0.542969 0.169444 0.107813 0.077778
1 0.164062 0.131250 0.039062 0.051389
1 0.863672 0.051389 0.016406 0.019444
