1 0.479297 0.459028 0.139844 0.148611
0 0.890234 0.229861 0.014844 0.051389
1 0.143359 0.199306 0.044531 0.065278
1 0.037500 0.170833 0.026562 0.050000
1 0.851172 0.049306 0.011719 0.018056
1 0.155859 0.482639 0.105469 0.159722
1 0.323828 0.093056 0.046094 0.036111
1 0.072656 0.215972 0.039062 0.056944
1 0.514453 0.225000 0.096094 0.077778
1 0.082422 0.159028 0.033594 0.045833
1 0.757422 0.250000 0.099219 0.077778
3 0.022656 0.243056 0.043750 0.080556
3 0.138672 0.285417 0.071094 0.106944
1 0.005859 0.184722 0.011719 0.050000
1 0.852734 0.051389 0.014844 0.019444
1 0.992578 0.099306 0.013281 0.037500
