3 0.452734 0.118750 0.082031 0.065278
1 0.150000 0.167361 0.039062 0.048611
1 0.763281 0.052778 0.023438 0.022222
1 0.872266 0.907639 0.242969 0.179167
3 0.071094 0.069444 0.023438 0.036111
1 0.170703 0.311111 0.083594 0.127778
3 0.598828 0.076389 0.039844 0.041667
3 0.214453 0.069444 0.035156 0.036111
3 0.402734 0.379167 0.180469 0.250000
1 0.601172 0.931944 0.222656 0.133333
1 0.053516 0.203472 0.035156 0.054167
1 0.351172 0.126389 0.055469 0.044444
1 0.184766 0.131250 0.047656 0.076389
3 0.419141 0.173611 0.092969 0.077778
1 0.024219 0.159722 0.021875 0.038889
3 0.724609 0.083333 0.042969 0.061111
1 0.751172 0.284722 0.092969 0.091667
1 0.913672 0.334722 0.067969 0.086111
1 0.014063 0.109028 0.014063 0.026389
