3 0.653906 0.109028 0.056250 0.059722
1 0.334375 0.157639 0.087500 0.081944
0 0.441797 0.076389 0.010156 0.044444
1 0.800000 0.056250 0.023438 0.026389
0 0.402344 0.086111 0.010937 0.038889
3 0.376953 0.017361 0.058594 0.034722
1 0.712109 0.093056 0.041406 0.041667
1 0.635547 0.054167 0.036719 0.030556
0 0.430859 0.081944 0.008594 0.036111
1 0.574609 0.055556 0.044531 0.036111
3 0.869531 0.134722 0.046875 0.058333
3 0.815234 0.197917 0.053906 0.073611
1 0.016797 0.220833 0.033594 0.075000
1 0.742188 0.178472 0.050000 0.059722
1 0.837891 0.051389 0.019531 0.022222
0 0.379297 0.097917 0.010156 0.043056
1 0.008203 0.546528 0.016406 0.104167
