1 0.148828 0.168056 0.038281 0.044444
3 0.188672 0.140972 0.047656 0.062500
3 0.167187 0.296528 0.095312 0.156944
3 0.600781 0.074306 0.040625 0.037500
3 0.702734 0.095833 0.046094 0.047222
1 0.660547 0.072222 0.036719 0.041667
3 0.112109 0.075694 0.024219 0.037500
1 0.599219 0.382639 0.145313 0.129167
1 0.426953 0.068750 0.046094 0.034722
1 0.355078 0.100694 0.052344 0.043056
1 0.167578 0.093056 0.030469 0.038889
1 0.710156 0.071528 0.034375 0.037500
1 0.676562 0.044444 0.029687 0.030556
3 0.388672 0.129167 0.036719 0.055556
3 0.466406 0.169444 0.151562 0.152778
0 0.805078 0.020833 0.008594 0.038889
1 0.612500 0.170833 0.085938 0.072222
1 0.004687 0.131944 0.009375 0.030556
