3 0.664453 0.106250 0.052344 0.054167
1 0.230078 0.235417 0.091406 0.095833
1 0.783203 0.065972 0.033594 0.051389
0 0.289062 0.128472 0.009375 0.045833
0 0.212500 0.149306 0.010937 0.045833
0 0.275000 0.130556 0.010937 0.044444
1 0.007031 0.340278 0.012500 0.061111
0 0.957812 0.525000 0.023438 0.105556
1 0.878516 0.140278 0.028906 0.041667
1 0.803906 0.192361 0.043750 0.059722
3 0.374219 0.065972 0.065625 0.045833
3 0.694922 0.191667 0.078906 0.083333
3 0.492578 0.105556 0.075781 0.061111
1 0.766016 0.040972 0.028906 0.040278
1 0.313281 0.171528 0.082812 0.068056
1 0.737109 0.086111 0.036719 0.038889
1 0.006250 0.542361 0.012500 0.090278
