1 0.105469 0.181250 0.035937 0.056944
1 0.691797 0.122917 0.050781 0.059722
3 0.078906 0.161806 0.032813 0.054167
2 0.019141 0.200694 0.038281 0.123611
3 0.128125 0.288889 0.121875 0.125000
1 0.912109 0.113889 0.017969 0.027778
3 0.618750 0.088889 0.057813 0.061111
3 0.512109 0.101389 0.074219 0.058333
1 0.873047 0.136111 0.024219 0.038889
3 0.182812 0.219444 0.089063 0.072222
1 0.025391 0.527083 0.049219 0.098611
1 0.705859 0.196528 0.060156 0.073611
1 0.378516 0.019444 0.060156 0.033333
3 0.835547 0.125694 0.025781 0.031944
