3 0.653906 0.145139 0.059375 0.070833
1 0.754297 0.082639 0.030469 0.034722
3 0.026562 0.371528 0.053125 0.098611
1 0.379688 0.141667 0.079687 0.072222
3 0.550391 0.090278 0.066406 0.047222
1 0.101562 0.177778 0.034375 0.050000
1 0.087500 0.064583 0.017188 0.023611
1 0.883203 0.128472 0.024219 0.037500
1 0.720313 0.092361 0.035937 0.040278
3 0.798047 0.147917 0.038281 0.045833
1 0.794922 0.214583 0.046094 0.056944
1 0.816016 0.056250 0.019531 0.023611
1 0.779297 0.061111 0.021094 0.022222
1 0.358984 0.071528 0.058594 0.034722
3 0.457422 0.144444 0.089844 0.080556
3 0.032031 0.060417 0.060937 0.034722
1 0.861328 0.071528 0.017969 0.023611
3 0.496094 0.304167 0.132812 0.125000
3 0.314453 0.561111 0.211719 0.213889
