3 0.612891 0.192361 0.053906 0.090278
1 0.751953 0.084028 0.028906 0.037500
3 0.112891 0.269444 0.124219 0.125000
1 0.101562 0.178472 0.035937 0.051389
1 0.929297 0.099306 0.014844 0.023611
1 0.699609 0.096528 0.041406 0.045833
3 0.887891 0.098611 0.016406 0.022222
1 0.904297 0.120833 0.017969 0.030556
1 0.781641 0.058333 0.025781 0.030556
1 0.801953 0.089583 0.025781 0.029167
1 0.181641 0.066667 0.025781 0.025000
3 0.830859 0.125000 0.033594 0.044444
3 0.802734 0.191667 0.049219 0.066667
3 0.612500 0.193056 0.054688 0.091667
1 0.282813 0.068750 0.040625 0.034722
0 0.508984 0.100000 0.013281 0.044444
