3 0.652734 0.111806 0.053906 0.059722
1 0.794531 0.055556 0.025000 0.033333
1 0.705859 0.093750 0.041406 0.040278
1 0.605859 0.055556 0.039844 0.030556
1 0.544922 0.060417 0.050781 0.037500
1 0.016797 0.224306 0.033594 0.065278
0 0.374219 0.062500 0.010937 0.041667
0 0.922656 0.244444 0.010937 0.050000
3 0.702734 0.069444 0.036719 0.036111
1 0.044531 0.184028 0.029687 0.048611
1 0.226953 0.235417 0.096094 0.106944
1 0.004687 0.104167 0.009375 0.016667
1 0.025781 0.118750 0.020313 0.029167
1 0.192188 0.380556 0.146875 0.147222
