3 0.295312 0.168056 0.046875 0.050000
3 0.696484 0.098611 0.039844 0.052778
1 0.524609 0.098611 0.057031 0.052778
1 0.191016 0.067361 0.025781 0.029167
1 0.816016 0.058333 0.022656 0.025000
0 0.096875 0.206250 0.015625 0.045833
0 0.091016 0.222222 0.013281 0.050000
1 0.707031 0.269444 0.076563 0.086111
0 0.874609 0.789583 0.047656 0.148611
1 0.761328 0.325000 0.066406 0.105556
3 0.262500 0.218056 0.114062 0.116667
3 0.442578 0.452083 0.202344 0.212500
1 0.630859 0.085417 0.044531 0.054167
1 0.353516 0.411806 0.121094 0.126389
0 0.021875 0.256944 0.015625 0.055556
