1 0.151172 0.168750 0.039844 0.048611
3 0.127734 0.084028 0.022656 0.034722
3 0.598047 0.077083 0.038281 0.040278
3 0.701953 0.094444 0.047656 0.055556
1 0.151172 0.125694 0.024219 0.031944
1 0.434766 0.319444 0.130469 0.108333
1 0.179688 0.065278 0.023438 0.033333
1 0.660547 0.073611 0.038281 0.050000
1 0.080859 0.126389 0.019531 0.038889
1 0.758203 0.695139 0.217969 0.256944
3 0.262891 0.095139 0.097656 0.090278
3 0.326172 0.104167 0.071094 0.061111
1 0.861328 0.532639 0.157031 0.151389
1 0.743359 0.244444 0.089844 0.075000
1 0.421875 0.070833 0.053125 0.038889
