1 0.629297 0.202778 0.049219 0.075000
1 0.162891 0.059722 0.021094 0.025000
1 0.015625 0.222917 0.031250 0.073611
1 0.053906 0.195833 0.031250 0.050000
0 0.976172 0.193056 0.007031 0.041667
1 0.101953 0.170139 0.035156 0.051389
0 0.926953 0.246528 0.010156 0.048611
1 0.076563 0.163194 0.020313 0.034722
3 0.576953 0.123611 0.072656 0.105556
1 0.279297 0.184028 0.044531 0.070833
1 0.016406 0.150694 0.020313 0.034722
1 0.269922 0.314583 0.092969 0.104167
1 0.884766 0.268750 0.078906 0.084722
1 0.098828 0.374306 0.103906 0.106944
0 0.984375 0.190278 0.007812 0.038889
0 0.941016 0.257639 0.011719 0.051389
1 0.239063 0.085417 0.040625 0.040278
