1 0.916797 0.104861 0.019531 0.026389
1 0.104688 0.181250 0.037500 0.059722
1 0.694141 0.122222 0.052344 0.063889
1 0.781641 0.052083 0.024219 0.020833
3 0.079297 0.161806 0.033594 0.054167
2 0.019141 0.199306 0.038281 0.123611
3 0.510547 0.120833 0.082031 0.075000
1 0.231250 0.243750 0.089063 0.081944
1 0.871484 0.143056 0.027344 0.041667
3 0.746484 0.066667 0.019531 0.030556
3 0.624219 0.071528 0.045312 0.043056
1 0.779687 0.206944 0.050000 0.066667
3 0.420703 0.127083 0.085156 0.070833
1 0.010156 0.549306 0.020313 0.098611
1 0.192578 0.529167 0.164844 0.177778
3 0.714453 0.190278 0.057031 0.061111
