3 0.603516 0.638194 0.177344 0.301389
1 0.771484 0.100000 0.032031 0.038889
1 0.521484 0.193750 0.069531 0.106944
1 0.261719 0.071528 0.037500 0.031944
1 0.202344 0.061806 0.029687 0.034722
1 0.017188 0.224306 0.034375 0.068056
1 0.055859 0.196528 0.032031 0.048611
0 0.939453 0.257639 0.011719 0.054167
1 0.098047 0.166667 0.036719 0.052778
0 0.924609 0.246528 0.011719 0.051389
1 0.068750 0.154167 0.026562 0.038889
3 0.936328 0.753472 0.122656 0.184722
3 0.598828 0.631944 0.189844 0.319444
3 0.694922 0.086111 0.053906 0.069444
1 0.937109 0.784028 0.122656 0.248611
1 0.070703 0.411806 0.119531 0.126389
1 0.007812 0.137500 0.015625 0.033333
1 0.977734 0.822222 0.042969 0.236111
1 0.362500 0.204167 0.064062 0.094444
