1 0.151953 0.169444 0.039844 0.050000
1 0.229297 0.273611 0.074219 0.100000
3 0.249219 0.120833 0.039062 0.033333
3 0.598047 0.077083 0.036719 0.043056
3 0.191797 0.151389 0.046094 0.047222
1 0.867578 0.909722 0.224219 0.177778
3 0.701172 0.097917 0.047656 0.051389
1 0.166016 0.077083 0.022656 0.031944
3 0.101172 0.227083 0.072656 0.140278
1 0.940625 0.829861 0.117188 0.212500
3 0.282813 0.080556 0.065625 0.063889
3 0.423438 0.108333 0.079687 0.069444
1 0.575000 0.196528 0.082812 0.051389
3 0.598047 0.256944 0.119531 0.102778
1 0.917578 0.559028 0.157031 0.162500
1 0.916797 0.559028 0.155469 0.159722
1 0.053906 0.200694 0.028125 0.062500
