3 0.673828 0.104861 0.053906 0.054167
1 0.555078 0.104861 0.055469 0.059722
1 0.781250 0.067361 0.037500 0.048611
0 0.250391 0.138194 0.013281 0.054167
3 0.932422 0.096528 0.017969 0.023611
0 0.175781 0.166667 0.014063 0.041667
0 0.239453 0.143750 0.010156 0.045833
1 0.844141 0.117361 0.024219 0.034722
1 0.337500 0.161111 0.078125 0.066667
1 0.203516 0.257639 0.092969 0.090278
3 0.919922 0.146528 0.021094 0.037500
1 0.805859 0.200000 0.046094 0.058333
1 0.615625 0.331944 0.101562 0.102778
0 0.228125 0.138889 0.009375 0.041667
3 0.554297 0.054861 0.053906 0.040278
3 0.323437 0.416667 0.187500 0.175000
1 0.006641 0.547917 0.013281 0.098611
