0 0.819922 0.188889 0.011719 0.050000
1 0.157031 0.297222 0.065625 0.105556
1 0.775000 0.061111 0.025000 0.030556
1 0.542188 0.668750 0.204687 0.254167
1 0.333984 0.346528 0.105469 0.112500
1 0.301563 0.082639 0.042188 0.037500
3 0.523047 0.857639 0.346094 0.281944
3 0.525391 0.859722 0.342969 0.275000
3 0.133594 0.071528 0.023438 0.026389
1 0.583984 0.206944 0.086719 0.072222
1 0.650781 0.192361 0.081250 0.073611
3 0.076953 0.323611 0.074219 0.158333
1 0.158984 0.216667 0.050781 0.061111
1 0.477734 0.208333 0.083594 0.069444
3 0.060547 0.138889 0.035156 0.069444
1 0.901953 0.375694 0.099219 0.106944
