3 0.652734 0.111111 0.053906 0.058333
1 0.837891 0.050000 0.019531 0.027778
0 0.436328 0.063194 0.007031 0.037500
3 0.378125 0.017361 0.059375 0.034722
1 0.705469 0.096528 0.042188 0.040278
1 0.326562 0.188889 0.093750 0.088889
1 0.623828 0.054167 0.036719 0.027778
1 0.564844 0.057639 0.046875 0.037500
1 0.016797 0.224306 0.033594 0.065278
1 0.442969 0.125694 0.064062 0.051389
0 0.389062 0.073611 0.009375 0.033333
0 0.930078 0.240972 0.011719 0.045833
3 0.876172 0.100000 0.019531 0.030556
3 0.788672 0.056944 0.019531 0.030556
2 0.377344 0.018750 0.057813 0.034722
1 0.031250 0.170139 0.025000 0.040278
1 0.573828 0.100694 0.053906 0.054167
1 0.152734 0.413889 0.152344 0.155556
