3 0.665625 0.140278 0.056250 0.063889
1 0.752734 0.085417 0.027344 0.029167
3 0.076563 0.065278 0.020313 0.027778
3 0.253125 0.223611 0.196875 0.158333
1 0.526953 0.095139 0.058594 0.054167
3 0.636328 0.073611 0.050781 0.050000
1 0.101953 0.177083 0.035156 0.048611
0 0.080078 0.219444 0.017969 0.044444
1 0.125000 0.067361 0.018750 0.026389
1 0.836328 0.161806 0.035156 0.051389
1 0.721484 0.090278 0.035156 0.041667
3 0.699609 0.206250 0.061719 0.065278
1 0.615234 0.359028 0.105469 0.104167
1 0.823828 0.055556 0.016406 0.016667
1 0.795703 0.059028 0.021094 0.026389
1 0.498437 0.067361 0.054688 0.034722
3 0.596484 0.096528 0.064844 0.059722
3 0.042188 0.062500 0.082812 0.044444
