3 0.763672 0.101389 0.036719 0.047222
1 0.626563 0.093750 0.043750 0.045833
3 0.257031 0.198611 0.085938 0.083333
1 0.573047 0.083333 0.044531 0.044444
1 0.077344 0.054861 0.012500 0.020833
1 0.846484 0.158333 0.030469 0.044444
1 0.907422 0.052083 0.016406 0.018056
1 0.901953 0.165278 0.025781 0.041667
3 0.182812 0.314583 0.201563 0.209722
1 0.128125 0.154167 0.034375 0.044444
1 0.053516 0.093056 0.017969 0.022222
3 0.684375 0.068750 0.039062 0.051389
1 0.844922 0.054167 0.017969 0.022222
1 0.827734 0.039583 0.019531 0.026389
