3 0.662891 0.106250 0.047656 0.051389
1 0.711719 0.054167 0.028125 0.030556
0 0.388281 0.093056 0.010937 0.041667
0 0.316016 0.114583 0.010156 0.043056
1 0.848828 0.050694 0.017969 0.020833
0 0.341797 0.096528 0.010156 0.031944
1 0.742188 0.104861 0.045312 0.051389
3 0.186719 0.222917 0.106250 0.101389
1 0.714063 0.091667 0.029687 0.041667
1 0.646094 0.045833 0.037500 0.033333
3 0.444141 0.106944 0.092969 0.097222
1 0.817187 0.056250 0.018750 0.020833
1 0.012109 0.332639 0.024219 0.081944
3 0.796484 0.260417 0.083594 0.134722
1 0.008594 0.202778 0.017188 0.058333
3 0.752734 0.319444 0.055469 0.091667
0 0.371484 0.096528 0.008594 0.037500
3 0.781641 0.280556 0.116406 0.172222
1 0.006250 0.548611 0.012500 0.097222
