1 0.151562 0.170139 0.039062 0.048611
3 0.346484 0.152778 0.069531 0.058333
1 0.115234 0.184722 0.041406 0.061111
3 0.172266 0.062500 0.025781 0.033333
3 0.598437 0.078472 0.039062 0.043056
3 0.192578 0.143750 0.044531 0.062500
1 0.192578 0.143056 0.046094 0.063889
1 0.245703 0.404861 0.103906 0.143056
3 0.701953 0.089583 0.049219 0.068056
1 0.222656 0.086806 0.031250 0.040278
1 0.346484 0.091667 0.060156 0.047222
3 0.048438 0.179861 0.050000 0.095833
1 0.338672 0.366667 0.117969 0.125000
3 0.425781 0.122222 0.095312 0.105556
3 0.578906 0.157639 0.103125 0.090278
1 0.884766 0.357639 0.096094 0.059722
3 0.908984 0.436111 0.132031 0.133333
1 0.969922 0.594444 0.057031 0.119444
