3 0.653516 0.111806 0.057031 0.056944
1 0.081641 0.283333 0.099219 0.116667
1 0.851172 0.051389 0.013281 0.016667
0 0.421484 0.084028 0.010156 0.037500
1 0.707422 0.088889 0.041406 0.044444
1 0.626563 0.054861 0.037500 0.029167
0 0.443359 0.075694 0.011719 0.040278
1 0.572656 0.055556 0.045312 0.036111
3 0.876953 0.155556 0.035156 0.052778
1 0.017188 0.225000 0.034375 0.072222
1 0.828516 0.131944 0.028906 0.038889
1 0.818359 0.054861 0.019531 0.020833
0 0.394141 0.095139 0.010156 0.043056
3 0.325391 0.195833 0.113281 0.094444
1 0.612500 0.093056 0.050000 0.041667
0 0.939453 0.218056 0.010156 0.044444
1 0.017578 0.537500 0.035156 0.113889
