3 0.666406 0.106944 0.056250 0.052778
1 0.783984 0.065278 0.038281 0.050000
0 0.307422 0.120139 0.011719 0.045833
0 0.235156 0.141667 0.010937 0.041667
1 0.901172 0.120833 0.021094 0.033333
1 0.853516 0.154861 0.030469 0.043056
0 0.275000 0.118750 0.010937 0.043056
3 0.286328 0.068750 0.047656 0.037500
3 0.784766 0.145833 0.049219 0.058333
3 0.350391 0.152083 0.097656 0.081944
1 0.120703 0.265972 0.092969 0.090278
1 0.730859 0.090972 0.036719 0.034722
3 0.339844 0.407639 0.185938 0.190278
1 0.006641 0.547917 0.013281 0.095833
