0 0.684766 0.131250 0.010156 0.034722
1 0.158594 0.051389 0.015625 0.019444
1 0.095703 0.078472 0.022656 0.029167
1 0.158984 0.312500 0.071094 0.097222
1 0.482422 0.613889 0.266406 0.294444
1 0.646484 0.086806 0.041406 0.043056
1 0.927344 0.595139 0.143750 0.159722
3 0.477344 0.647222 0.267188 0.227778
0 0.709375 0.134028 0.007812 0.048611
3 0.471484 0.134722 0.113281 0.122222
1 0.221484 0.254861 0.074219 0.118056
1 0.618359 0.179861 0.082031 0.059722
3 0.599609 0.260417 0.139844 0.129167
3 0.471484 0.134722 0.113281 0.122222
3 0.246484 0.100694 0.071094 0.087500
1 0.138672 0.088889 0.024219 0.027778
1 0.046484 0.181944 0.039844 0.063889
