1 0.945312 0.100000 0.015625 0.019444
1 0.105078 0.181944 0.036719 0.058333
1 0.692187 0.122222 0.050000 0.058333
3 0.078906 0.161806 0.032813 0.054167
2 0.019141 0.200694 0.038281 0.123611
1 0.910547 0.115972 0.019531 0.029167
3 0.628516 0.086806 0.053906 0.054167
3 0.521484 0.097917 0.072656 0.056944
1 0.869141 0.139583 0.027344 0.040278
1 0.024219 0.527083 0.048438 0.101389
1 0.691016 0.204167 0.064844 0.077778
1 0.378125 0.019444 0.059375 0.033333
1 0.450391 0.147917 0.074219 0.059722
3 0.831641 0.127778 0.027344 0.033333
