1 0.933203 0.100000 0.017969 0.025000
1 0.105078 0.181944 0.036719 0.055556
1 0.694141 0.122917 0.050781 0.059722
1 0.764453 0.053472 0.024219 0.023611
3 0.079687 0.161806 0.034375 0.054167
2 0.019141 0.198611 0.038281 0.125000
1 0.027734 0.373611 0.055469 0.088889
1 0.893359 0.127083 0.022656 0.031944
3 0.697266 0.071528 0.041406 0.045833
3 0.696484 0.072222 0.044531 0.044444
1 0.832422 0.166667 0.035156 0.052778
3 0.305469 0.166667 0.070312 0.083333
1 0.016406 0.538889 0.032813 0.094444
1 0.511328 0.311111 0.111719 0.113889
1 0.377734 0.018056 0.058594 0.033333
3 0.783984 0.152083 0.038281 0.043056
