3 0.665625 0.106250 0.056250 0.054167
1 0.783984 0.066667 0.035156 0.052778
0 0.310156 0.115278 0.009375 0.041667
0 0.237891 0.140278 0.010156 0.038889
1 0.903516 0.118056 0.019531 0.030556
1 0.859766 0.150694 0.028906 0.043056
0 0.277344 0.119444 0.009375 0.044444
3 0.275781 0.068056 0.045312 0.038889
3 0.794922 0.142361 0.044531 0.056944
3 0.326562 0.163194 0.100000 0.081944
1 0.090625 0.285417 0.092188 0.093056
3 0.784766 0.065972 0.035156 0.051389
1 0.729297 0.090278 0.035156 0.033333
3 0.392188 0.372917 0.176563 0.170833
1 0.006641 0.547917 0.013281 0.098611
