3 0.562891 0.154167 0.069531 0.080556
1 0.851953 0.065972 0.016406 0.023611
1 0.676172 0.101389 0.050781 0.050000
1 0.482422 0.063889 0.046094 0.038889
1 0.364453 0.068750 0.055469 0.037500
1 0.017578 0.224306 0.035156 0.065278
1 0.056250 0.196528 0.032813 0.048611
0 0.939453 0.254861 0.011719 0.056944
1 0.066406 0.148611 0.028125 0.038889
1 0.601953 0.097917 0.046094 0.043056
0 0.923828 0.244444 0.011719 0.052778
3 0.185938 0.245139 0.115625 0.145833
1 0.042969 0.138889 0.020313 0.022222
3 0.640625 0.162500 0.059375 0.077778
3 0.512109 0.103472 0.072656 0.054167
3 0.562891 0.154167 0.069531 0.077778
0 0.967578 0.200694 0.007031 0.034722
1 0.251172 0.329861 0.132031 0.131944
