3 0.666016 0.106944 0.053906 0.052778
0 0.355078 0.097222 0.008594 0.036111
0 0.285156 0.123611 0.010937 0.047222
0 0.339062 0.104167 0.010937 0.044444
1 0.933203 0.095833 0.016406 0.022222
1 0.913672 0.111111 0.016406 0.025000
0 0.312500 0.107639 0.010937 0.043056
3 0.160938 0.059722 0.023438 0.027778
3 0.880078 0.097222 0.022656 0.033333
1 0.763281 0.099306 0.042188 0.048611
3 0.473438 0.107639 0.076563 0.062500
1 0.718359 0.090972 0.030469 0.037500
3 0.621484 0.063194 0.057031 0.062500
3 0.266797 0.217361 0.114844 0.109722
1 0.913281 0.081944 0.014063 0.022222
1 0.841016 0.052778 0.017969 0.019444
1 0.006250 0.548611 0.012500 0.094444
