3 0.591016 0.617361 0.182031 0.306944
1 0.772656 0.100000 0.029687 0.036111
1 0.523047 0.190972 0.067969 0.104167
1 0.264062 0.071528 0.037500 0.031944
1 0.203516 0.062500 0.028906 0.036111
1 0.017578 0.225000 0.035156 0.066667
1 0.056250 0.196528 0.031250 0.048611
0 0.939453 0.257639 0.011719 0.054167
1 0.098047 0.166667 0.035156 0.052778
0 0.924609 0.243056 0.010156 0.052778
1 0.068750 0.154167 0.026562 0.038889
3 0.908203 0.740972 0.096094 0.195833
3 0.590234 0.613194 0.183594 0.315278
3 0.696484 0.086111 0.053906 0.069444
1 0.929297 0.755556 0.136719 0.222222
1 0.066406 0.414583 0.120313 0.126389
1 0.007422 0.137500 0.014844 0.033333
1 0.976953 0.815278 0.042969 0.244444
1 0.362109 0.206250 0.063281 0.095833
