3 0.531250 0.186111 0.071875 0.097222
1 0.838672 0.070833 0.019531 0.025000
1 0.651953 0.107639 0.050781 0.056944
1 0.432422 0.066667 0.057031 0.038889
1 0.316797 0.069444 0.053906 0.044444
1 0.017188 0.225000 0.034375 0.069444
1 0.055859 0.196528 0.032031 0.048611
0 0.939453 0.256250 0.010156 0.051389
1 0.074219 0.154167 0.031250 0.044444
1 0.483203 0.134722 0.063281 0.052778
0 0.924609 0.244444 0.011719 0.047222
3 0.012109 0.360417 0.024219 0.120833
1 0.048047 0.139583 0.022656 0.026389
3 0.620703 0.207639 0.053906 0.095833
3 0.317188 0.170139 0.095312 0.073611
3 0.530859 0.186111 0.072656 0.097222
