0 0.687500 0.130556 0.012500 0.041667
1 0.158594 0.051389 0.015625 0.019444
1 0.100391 0.078472 0.021094 0.026389
1 0.141016 0.292361 0.063281 0.084722
1 0.648047 0.087500 0.041406 0.041667
1 0.930469 0.595139 0.137500 0.154167
3 0.403125 0.540972 0.221875 0.245833
3 0.265625 0.103472 0.076563 0.090278
3 0.508203 0.145833 0.121094 0.130556
1 0.199219 0.237500 0.067187 0.105556
1 0.652344 0.194444 0.085938 0.061111
3 0.651172 0.286111 0.146094 0.133333
3 0.508203 0.145833 0.119531 0.130556
1 0.071875 0.072917 0.015625 0.020833
1 0.145313 0.090278 0.026562 0.027778
3 0.865234 0.213889 0.044531 0.077778
1 0.042578 0.176389 0.033594 0.058333
