1 0.148828 0.168056 0.038281 0.044444
3 0.189453 0.140972 0.049219 0.062500
3 0.208984 0.338889 0.119531 0.186111
3 0.600781 0.074306 0.042188 0.040278
3 0.703125 0.095833 0.046875 0.047222
1 0.660547 0.073611 0.036719 0.041667
3 0.103906 0.074306 0.020313 0.034722
1 0.596875 0.379861 0.146875 0.129167
1 0.426563 0.069444 0.050000 0.036111
1 0.326953 0.093056 0.046094 0.030556
1 0.153906 0.090278 0.028125 0.036111
3 0.343359 0.119444 0.039844 0.041667
1 0.910547 0.335417 0.082031 0.087500
3 0.410547 0.148611 0.133594 0.133333
1 0.571484 0.153472 0.082031 0.068056
1 0.007031 0.137500 0.014063 0.036111
