1 0.921094 0.107639 0.015625 0.026389
1 0.106250 0.181944 0.035937 0.055556
1 0.688281 0.125694 0.053125 0.065278
1 0.714844 0.061806 0.023438 0.026389
3 0.080078 0.161806 0.033594 0.054167
2 0.019141 0.199306 0.038281 0.123611
1 0.922266 0.106250 0.017969 0.029167
3 0.532031 0.109722 0.075000 0.083333
1 0.892578 0.121528 0.019531 0.034722
3 0.042188 0.320833 0.084375 0.116667
1 0.031641 0.520833 0.063281 0.105556
1 0.781250 0.152778 0.040625 0.055556
1 0.377734 0.018750 0.058594 0.034722
1 0.276172 0.220139 0.091406 0.076389
3 0.644141 0.067361 0.047656 0.043056
3 0.862109 0.112500 0.019531 0.027778
