1 0.148438 0.166667 0.040625 0.050000
3 0.189453 0.142361 0.049219 0.059722
3 0.076953 0.122917 0.032031 0.034722
3 0.600000 0.073611 0.040625 0.041667
3 0.188672 0.140278 0.047656 0.061111
3 0.703125 0.095139 0.046875 0.048611
1 0.253906 0.068750 0.050000 0.043056
3 0.436719 0.527778 0.271875 0.408333
3 0.283594 0.125000 0.060937 0.066667
1 0.176953 0.327778 0.082031 0.122222
1 0.750781 0.459722 0.153125 0.144444
1 0.176563 0.327778 0.082812 0.122222
2 0.164062 0.062500 0.034375 0.058333
1 0.492578 0.063889 0.047656 0.033333
3 0.575391 0.166667 0.155469 0.155556
1 0.563672 0.240278 0.110156 0.088889
1 0.794531 0.271528 0.092188 0.079167
