3 0.666797 0.106250 0.053906 0.056944
1 0.363672 0.179167 0.086719 0.075000
1 0.741016 0.084028 0.035156 0.043056
0 0.276562 0.130556 0.009375 0.050000
0 0.200781 0.156250 0.015625 0.043056
0 0.261328 0.134028 0.011719 0.048611
1 0.880078 0.099306 0.019531 0.029167
1 0.100781 0.279861 0.090625 0.093056
0 0.951562 0.553472 0.026562 0.090278
1 0.860547 0.154167 0.033594 0.047222
1 0.762109 0.222917 0.055469 0.068056
3 0.435156 0.065278 0.062500 0.041667
3 0.614453 0.235417 0.105469 0.106944
3 0.550391 0.088194 0.064844 0.054167
1 0.783984 0.056250 0.035156 0.070833
1 0.405859 0.132639 0.072656 0.048611
1 0.005859 0.547917 0.011719 0.098611
