3 0.655078 0.110417 0.058594 0.056944
1 0.318750 0.163194 0.089063 0.084722
0 0.442578 0.076389 0.008594 0.041667
1 0.798438 0.056944 0.021875 0.025000
0 0.403516 0.086806 0.010156 0.037500
3 0.376953 0.017361 0.058594 0.034722
1 0.710938 0.093056 0.042188 0.041667
1 0.633984 0.054167 0.036719 0.030556
0 0.432031 0.081250 0.009375 0.034722
1 0.573828 0.056250 0.044531 0.034722
3 0.873047 0.129861 0.044531 0.056944
3 0.820312 0.193056 0.050000 0.069444
1 0.017188 0.220833 0.034375 0.075000
1 0.751953 0.174306 0.046094 0.054167
1 0.836328 0.052083 0.017969 0.020833
0 0.379688 0.098611 0.012500 0.044444
1 0.691797 0.076389 0.035156 0.030556
1 0.008984 0.545833 0.017969 0.105556
