1 0.674609 0.436806 0.103906 0.176389
1 0.250000 0.122222 0.039062 0.047222
1 0.123047 0.058333 0.016406 0.019444
1 0.143359 0.069444 0.028906 0.033333
1 0.015625 0.220833 0.031250 0.077778
1 0.053516 0.196528 0.030469 0.048611
1 0.101953 0.170139 0.036719 0.054167
0 0.926953 0.250694 0.008594 0.040278
1 0.076563 0.163889 0.021875 0.036111
3 0.501172 0.199306 0.075781 0.151389
1 0.855859 0.200000 0.036719 0.063889
1 0.245703 0.214583 0.055469 0.073611
1 0.056250 0.147222 0.023438 0.030556
1 0.855859 0.200694 0.038281 0.065278
1 0.363672 0.190278 0.047656 0.075000
1 0.088672 0.054167 0.014844 0.022222
1 0.015625 0.431944 0.031250 0.080556
1 0.364063 0.189583 0.046875 0.073611
