3 0.698828 0.097222 0.046094 0.050000
1 0.605078 0.099306 0.047656 0.043056
1 0.194531 0.222222 0.089063 0.094444
1 0.779687 0.069444 0.035937 0.047222
1 0.816016 0.057639 0.022656 0.023611
0 0.152734 0.188194 0.011719 0.054167
1 0.863672 0.147222 0.027344 0.041667
0 0.934766 0.650694 0.036719 0.118056
1 0.910547 0.152778 0.021094 0.041667
3 0.809766 0.178472 0.052344 0.073611
1 0.312891 0.203472 0.085156 0.090278
1 0.766797 0.166667 0.044531 0.052778
0 0.078125 0.220833 0.018750 0.050000
0 0.882422 0.779861 0.036719 0.106944
1 0.419531 0.132639 0.073438 0.056944
0 0.144922 0.186111 0.011719 0.055556
1 0.215234 0.508333 0.144531 0.163889
1 0.684766 0.065972 0.032031 0.029167
0 0.865234 0.893056 0.049219 0.141667
1 0.777734 0.068750 0.039844 0.048611
