3 0.665625 0.106944 0.054688 0.052778
0 0.357031 0.095139 0.007812 0.034722
1 0.915234 0.109722 0.016406 0.025000
0 0.314453 0.108333 0.010156 0.044444
3 0.155469 0.059722 0.023438 0.027778
3 0.883203 0.095833 0.022656 0.033333
1 0.760938 0.100694 0.042188 0.045833
3 0.454297 0.113889 0.080469 0.063889
1 0.717187 0.092361 0.031250 0.040278
3 0.790234 0.143056 0.046094 0.063889
3 0.610547 0.063889 0.058594 0.063889
3 0.228125 0.234722 0.115625 0.119444
1 0.839453 0.053472 0.019531 0.018056
1 0.283984 0.171528 0.083594 0.068056
3 0.245312 0.789583 0.360938 0.418056
1 0.005859 0.547917 0.011719 0.095833
