3 0.598047 0.079861 0.036719 0.040278
3 0.699609 0.097222 0.047656 0.055556
1 0.851953 0.115278 0.022656 0.033333
1 0.396094 0.227083 0.107813 0.081944
1 0.660937 0.078472 0.037500 0.043056
1 0.287109 0.069444 0.041406 0.038889
1 0.077344 0.055556 0.014063 0.022222
1 0.689453 0.165972 0.077344 0.065278
1 0.121875 0.152778 0.034375 0.044444
1 0.809766 0.056250 0.021094 0.026389
3 0.882422 0.101389 0.021094 0.030556
1 0.590234 0.222222 0.105469 0.088889
1 0.378516 0.020139 0.058594 0.034722
1 0.013672 0.064583 0.017969 0.020833
1 0.063281 0.117361 0.025000 0.031944
