3 0.693359 0.124306 0.050781 0.059722
1 0.010547 0.378472 0.021094 0.084722
1 0.167578 0.235417 0.086719 0.090278
1 0.755078 0.081944 0.030469 0.038889
3 0.141406 0.067361 0.029687 0.031944
1 0.228906 0.071528 0.039062 0.040278
3 0.551172 0.104861 0.121094 0.081944
1 0.645312 0.068056 0.039062 0.036111
3 0.705469 0.065972 0.042188 0.045833
1 0.101172 0.177778 0.035156 0.052778
1 0.228125 0.071528 0.039062 0.040278
1 0.633203 0.306944 0.096094 0.108333
1 0.722266 0.091667 0.036719 0.041667
3 0.262891 0.481250 0.163281 0.151389
1 0.993359 0.100000 0.011719 0.044444
