1 0.216406 0.035417 0.034375 0.040278
1 0.066797 0.072917 0.016406 0.026389
1 0.503125 0.654167 0.204687 0.250000
1 0.644141 0.086111 0.042969 0.044444
1 0.858203 0.543056 0.164844 0.152778
3 0.160938 0.079861 0.048438 0.065278
1 0.641016 0.556944 0.194531 0.288889
1 0.408984 0.111806 0.058594 0.045833
3 0.329688 0.142361 0.079687 0.081944
3 0.283984 0.087500 0.066406 0.083333
3 0.875391 0.172917 0.035156 0.059722
3 0.541797 0.157639 0.139844 0.134722
1 0.093359 0.072222 0.021094 0.038889
1 0.107422 0.248611 0.064844 0.097222
