3 0.807422 0.610417 0.191406 0.279167
1 0.527344 0.123611 0.060937 0.052778
1 0.101953 0.177083 0.035156 0.051389
1 0.564844 0.151389 0.059375 0.075000
1 0.784375 0.077778 0.025000 0.033333
1 0.707422 0.095139 0.038281 0.040278
1 0.686328 0.130556 0.046094 0.050000
1 0.804297 0.087500 0.027344 0.033333
3 0.807422 0.609722 0.188281 0.275000
1 0.147266 0.063194 0.021094 0.020833
1 0.680859 0.080556 0.035156 0.033333
0 0.076172 0.288194 0.025781 0.054167
3 0.012500 0.377083 0.025000 0.084722
1 0.041406 0.089583 0.014063 0.018056
1 0.558984 0.090278 0.057031 0.041667
