3 0.650391 0.111806 0.055469 0.059722
0 0.400391 0.052778 0.005469 0.030556
3 0.376953 0.019444 0.060156 0.036111
1 0.703906 0.090972 0.037500 0.043056
1 0.579297 0.056944 0.042969 0.030556
1 0.513672 0.063194 0.052344 0.040278
1 0.017188 0.224306 0.034375 0.065278
0 0.360938 0.056944 0.007812 0.033333
3 0.523828 0.119444 0.071094 0.063889
1 0.050391 0.190278 0.030469 0.050000
0 0.941016 0.215972 0.008594 0.037500
1 0.017188 0.113194 0.014063 0.020833
1 0.032813 0.123611 0.035937 0.033333
1 0.819141 0.054861 0.016406 0.020833
0 0.941797 0.253472 0.013281 0.059722
1 0.219531 0.357639 0.140625 0.140278
3 0.217188 0.242361 0.118750 0.109722
