3 0.666016 0.106250 0.055469 0.056944
0 0.342187 0.105556 0.010937 0.047222
0 0.273438 0.129167 0.010937 0.050000
1 0.757812 0.063889 0.020313 0.027778
1 0.902734 0.115972 0.019531 0.029167
0 0.302344 0.110417 0.012500 0.043056
3 0.185156 0.061111 0.028125 0.033333
3 0.863672 0.106250 0.025781 0.037500
3 0.043750 0.317361 0.087500 0.123611
1 0.774609 0.092361 0.041406 0.054167
3 0.541797 0.086806 0.063281 0.051389
1 0.723437 0.090278 0.040625 0.041667
3 0.723828 0.181250 0.067969 0.081944
3 0.660547 0.054861 0.046094 0.056944
1 0.005859 0.547917 0.011719 0.098611
