0 0.758203 0.159722 0.013281 0.052778
1 0.184766 0.056250 0.021094 0.023611
1 0.217578 0.543056 0.136719 0.250000
1 0.021875 0.159722 0.025000 0.038889
1 0.114062 0.182639 0.039062 0.051389
1 0.690234 0.077083 0.035156 0.037500
1 0.964453 0.613889 0.069531 0.119444
0 0.679297 0.136111 0.010156 0.033333
1 0.868359 0.347222 0.103906 0.088889
3 0.280469 0.131250 0.053125 0.043056
0 0.003516 0.240278 0.007031 0.058333
1 0.176563 0.101389 0.029687 0.033333
3 0.332031 0.318056 0.146875 0.211111
1 0.453516 0.194444 0.082031 0.066667
3 0.893359 0.311111 0.082031 0.050000
