1 0.150391 0.168056 0.039844 0.050000
3 0.187500 0.145139 0.046875 0.059722
1 0.291797 0.320139 0.094531 0.120833
3 0.598437 0.075694 0.039062 0.040278
3 0.191406 0.144444 0.046875 0.058333
3 0.701953 0.097222 0.049219 0.052778
1 0.153125 0.073611 0.021875 0.030556
3 0.122656 0.249306 0.084375 0.156944
3 0.387109 0.096528 0.074219 0.065278
1 0.503906 0.170139 0.076563 0.048611
3 0.524219 0.220833 0.107813 0.094444
1 0.883984 0.538889 0.147656 0.158333
1 0.065234 0.211806 0.035156 0.068056
2 0.253906 0.084028 0.065625 0.076389
1 0.709766 0.072222 0.033594 0.038889
