0 0.549609 0.091667 0.013281 0.047222
3 0.588672 0.101389 0.011719 0.044444
1 0.327734 0.088889 0.047656 0.038889
1 0.643750 0.088889 0.040625 0.041667
1 0.191797 0.376389 0.128906 0.100000
3 0.102734 0.077083 0.035156 0.037500
3 0.935547 0.126389 0.021094 0.036111
3 0.150391 0.065972 0.036719 0.051389
1 0.754297 0.051389 0.022656 0.027778
1 0.518359 0.223611 0.092969 0.072222
1 0.008594 0.097222 0.017188 0.041667
1 0.238672 0.114583 0.041406 0.051389
0 0.611719 0.105556 0.012500 0.047222
1 0.844531 0.522917 0.154688 0.156944
