1 0.151172 0.169444 0.039844 0.050000
3 0.598047 0.077778 0.038281 0.044444
3 0.701562 0.097222 0.046875 0.050000
1 0.594141 0.381250 0.142969 0.123611
1 0.423828 0.071528 0.050781 0.037500
1 0.659766 0.076389 0.038281 0.044444
1 0.427734 0.113889 0.052344 0.050000
3 0.138281 0.076389 0.040625 0.058333
1 0.082422 0.220833 0.042969 0.061111
1 0.077734 0.307639 0.072656 0.129167
3 0.681641 0.299306 0.133594 0.118056
1 0.173437 0.065972 0.023438 0.029167
2 0.138281 0.076389 0.042188 0.058333
1 0.032031 0.125694 0.029687 0.037500
3 0.873828 0.288889 0.136719 0.144444
