1 0.151562 0.168750 0.037500 0.045833
3 0.107813 0.079861 0.020313 0.031944
3 0.598047 0.078472 0.038281 0.040278
3 0.701953 0.096528 0.047656 0.051389
1 0.150781 0.125694 0.023438 0.034722
1 0.351953 0.306944 0.127344 0.097222
1 0.660156 0.072917 0.039062 0.048611
1 0.170313 0.063194 0.021875 0.029167
1 0.080078 0.126389 0.019531 0.038889
3 0.204297 0.093056 0.055469 0.080556
1 0.835156 0.516667 0.154688 0.144444
1 0.618359 0.185417 0.082031 0.065278
1 0.423047 0.070833 0.053906 0.038889
1 0.009375 0.095833 0.017188 0.022222
