1 0.700000 0.128472 0.045312 0.048611
1 0.206641 0.065278 0.027344 0.027778
1 0.155469 0.059028 0.023438 0.029167
1 0.016406 0.224306 0.032813 0.070833
1 0.054688 0.196528 0.031250 0.048611
0 0.940234 0.254861 0.011719 0.048611
1 0.101953 0.170833 0.035156 0.050000
0 0.926953 0.250694 0.010156 0.040278
1 0.074219 0.161111 0.025000 0.036111
3 0.645703 0.096528 0.064844 0.081944
1 0.207422 0.285417 0.091406 0.098611
1 0.993359 0.100000 0.010156 0.041667
1 0.088672 0.474306 0.122656 0.140278
1 0.338281 0.122222 0.053125 0.063889
