3 0.653906 0.110417 0.054688 0.056944
1 0.310547 0.165278 0.091406 0.086111
0 0.442578 0.075694 0.010156 0.043056
1 0.797656 0.056250 0.023438 0.026389
0 0.404297 0.086111 0.011719 0.038889
3 0.377344 0.017361 0.059375 0.034722
1 0.710547 0.093750 0.042969 0.043056
1 0.633203 0.054167 0.036719 0.030556
0 0.432422 0.080556 0.010156 0.036111
1 0.573828 0.055556 0.044531 0.033333
3 0.873828 0.129861 0.044531 0.054167
3 0.823828 0.191667 0.050781 0.069444
1 0.017188 0.221528 0.034375 0.073611
1 0.755078 0.171528 0.044531 0.054167
1 0.835547 0.052083 0.019531 0.023611
0 0.380078 0.098611 0.013281 0.044444
1 0.689844 0.077778 0.034375 0.030556
1 0.009375 0.545833 0.018750 0.105556
