1 0.772656 0.157639 0.043750 0.051389
1 0.839453 0.165278 0.035156 0.055556
1 0.104688 0.181944 0.035937 0.058333
1 0.699609 0.119444 0.050781 0.061111
1 0.080078 0.286806 0.088281 0.101389
1 0.912891 0.142361 0.024219 0.040278
1 0.312109 0.206250 0.091406 0.076389
3 0.079297 0.161806 0.033594 0.054167
1 0.892578 0.125000 0.021094 0.033333
2 0.487891 0.088889 0.147656 0.116667
2 0.018750 0.200000 0.037500 0.125000
3 0.648438 0.222222 0.076563 0.094444
1 0.678125 0.080556 0.039062 0.038889
1 0.385156 0.528472 0.178125 0.173611
1 0.377344 0.018056 0.057813 0.033333
3 0.828906 0.045833 0.050000 0.041667
