3 0.688281 0.779861 0.250000 0.423611
1 0.755859 0.106944 0.035156 0.041667
1 0.504297 0.221528 0.067969 0.118056
1 0.245312 0.071528 0.032813 0.031944
1 0.189062 0.062500 0.029687 0.030556
1 0.017188 0.224306 0.034375 0.065278
1 0.056250 0.197222 0.032813 0.052778
0 0.939453 0.257639 0.010156 0.051389
1 0.100000 0.170139 0.035937 0.051389
0 0.924609 0.243750 0.010156 0.054167
1 0.071484 0.156250 0.025781 0.037500
3 0.688672 0.779167 0.252344 0.425000
3 0.684766 0.088194 0.053906 0.070833
1 0.107031 0.380556 0.115625 0.122222
2 0.378125 0.017361 0.060937 0.034722
1 0.008594 0.138194 0.017188 0.031944
0 0.318359 0.054167 0.007031 0.030556
1 0.993359 0.102083 0.011719 0.037500
1 0.367578 0.181250 0.049219 0.084722
