1 0.148438 0.167361 0.040625 0.048611
3 0.188672 0.144444 0.050781 0.055556
1 0.451953 0.065972 0.055469 0.037500
3 0.600391 0.074306 0.038281 0.037500
3 0.703516 0.095833 0.049219 0.050000
1 0.198828 0.061806 0.036719 0.043056
1 0.677734 0.420139 0.149219 0.137500
1 0.442969 0.578472 0.192188 0.254167
2 0.124609 0.055556 0.033594 0.052778
3 0.370703 0.102778 0.105469 0.097222
1 0.356641 0.145833 0.074219 0.080556
1 0.623047 0.186111 0.083594 0.061111
1 0.355859 0.146528 0.072656 0.079167
1 0.298828 0.077083 0.055469 0.051389
1 0.661328 0.070139 0.038281 0.040278
