1 0.148828 0.167361 0.038281 0.045833
3 0.191797 0.144444 0.042969 0.052778
3 0.600000 0.074306 0.040625 0.037500
3 0.702734 0.094444 0.049219 0.050000
3 0.148828 0.090972 0.032031 0.037500
1 0.623828 0.394444 0.147656 0.130556
1 0.434766 0.068056 0.050781 0.036111
1 0.477344 0.133333 0.068750 0.050000
1 0.661328 0.069444 0.039844 0.044444
1 0.240625 0.111806 0.045312 0.051389
3 0.675391 0.225000 0.088281 0.086111
3 0.768750 0.312500 0.235937 0.255556
0 0.805469 0.022222 0.009375 0.038889
1 0.079297 0.123611 0.025781 0.038889
