3 0.092578 0.270139 0.100781 0.101389
1 0.376563 0.018750 0.057813 0.034722
1 0.394141 0.140278 0.077344 0.072222
1 0.144922 0.061806 0.017969 0.023611
1 0.782813 0.066667 0.035937 0.058333
1 0.816016 0.056944 0.022656 0.022222
0 0.122266 0.186111 0.011719 0.038889
0 0.123047 0.197917 0.016406 0.051389
1 0.810937 0.190278 0.040625 0.055556
0 0.908203 0.713889 0.046094 0.138889
1 0.865234 0.204861 0.035156 0.062500
3 0.704297 0.254861 0.089844 0.112500
1 0.521484 0.123611 0.058594 0.058333
1 0.641016 0.237500 0.078906 0.077778
0 0.049609 0.236806 0.013281 0.048611
0 0.848047 0.895139 0.046094 0.126389
1 0.556641 0.091667 0.042969 0.038889
1 0.073047 0.343056 0.114844 0.094444
