1 0.148828 0.168056 0.038281 0.044444
3 0.189062 0.140972 0.050000 0.062500
1 0.631641 0.088194 0.053906 0.048611
3 0.184375 0.313194 0.103125 0.165278
3 0.600391 0.074306 0.041406 0.037500
3 0.702734 0.095833 0.046094 0.047222
1 0.661328 0.074306 0.038281 0.040278
3 0.108203 0.075000 0.024219 0.036111
1 0.598437 0.381250 0.145313 0.129167
1 0.427734 0.068750 0.049219 0.034722
1 0.342578 0.096528 0.046094 0.040278
1 0.161719 0.092361 0.029687 0.040278
1 0.709766 0.071528 0.036719 0.040278
1 0.169922 0.059722 0.044531 0.063889
3 0.366797 0.127083 0.035156 0.048611
3 0.440234 0.158333 0.147656 0.141667
0 0.805078 0.020833 0.008594 0.038889
