0 0.591797 0.103472 0.011719 0.045833
3 0.592578 0.102083 0.013281 0.045833
1 0.065625 0.072222 0.012500 0.025000
1 0.650000 0.787500 0.234375 0.294444
1 0.923047 0.331944 0.078906 0.075000
1 0.644141 0.086111 0.042969 0.044444
1 0.840625 0.531944 0.164062 0.152778
3 0.150391 0.078472 0.044531 0.059722
3 0.262891 0.085417 0.055469 0.084722
1 0.792188 0.668056 0.207813 0.319444
1 0.203516 0.069444 0.027344 0.030556
1 0.380078 0.104861 0.058594 0.045833
3 0.320312 0.140972 0.114062 0.090278
3 0.262891 0.084722 0.053906 0.083333
3 0.878516 0.169444 0.035156 0.058333
1 0.089453 0.072917 0.019531 0.040278
1 0.129297 0.272222 0.074219 0.105556
