2 0.637109 0.872917 0.427344 0.240278
1 0.146094 0.163889 0.040625 0.050000
1 0.613672 0.746528 0.242969 0.262500
3 0.130859 0.193056 0.044531 0.066667
1 0.799609 0.068056 0.027344 0.038889
1 0.348438 0.361806 0.118750 0.145833
1 0.106250 0.254861 0.050000 0.073611
1 0.036328 0.179167 0.030469 0.047222
3 0.207031 0.080556 0.039062 0.041667
3 0.160547 0.088194 0.035156 0.045833
1 0.012500 0.144444 0.025000 0.041667
3 0.431250 0.115972 0.059375 0.043056
3 0.389453 0.164583 0.078906 0.070833
3 0.667578 0.068750 0.042969 0.054167
3 0.775000 0.286111 0.151562 0.133333
