1 0.105859 0.181944 0.036719 0.055556
1 0.690625 0.124306 0.050000 0.062500
3 0.078906 0.161806 0.032813 0.054167
2 0.019141 0.200694 0.038281 0.123611
3 0.058594 0.341667 0.117188 0.133333
1 0.916016 0.110417 0.016406 0.029167
3 0.592578 0.093056 0.060156 0.066667
3 0.491406 0.107639 0.076563 0.059722
1 0.880078 0.131944 0.024219 0.038889
3 0.130078 0.250694 0.108594 0.090278
1 0.026953 0.525000 0.053906 0.100000
1 0.734766 0.178472 0.052344 0.065278
1 0.388672 0.172917 0.082031 0.068056
3 0.669141 0.062500 0.041406 0.038889
3 0.845703 0.120139 0.024219 0.029167
