1 0.228516 0.568056 0.144531 0.261111
1 0.253906 0.401389 0.104688 0.133333
1 0.435156 0.415972 0.139063 0.170833
1 0.166406 0.226389 0.051562 0.061111
0 0.926172 0.245139 0.011719 0.051389
1 0.076563 0.154167 0.028125 0.044444
1 0.020313 0.152778 0.021875 0.038889
1 0.035156 0.273611 0.042188 0.077778
1 0.569141 0.165278 0.075781 0.061111
1 0.231250 0.570833 0.145313 0.263889
1 0.814063 0.269444 0.093750 0.066667
1 0.035547 0.175694 0.024219 0.040278
1 0.913672 0.454861 0.128906 0.123611
1 0.106250 0.056250 0.015625 0.020833
