1 0.102734 0.179167 0.038281 0.058333
1 0.682031 0.126389 0.054688 0.066667
1 0.679297 0.064583 0.036719 0.031944
3 0.076563 0.161111 0.031250 0.052778
2 0.017188 0.197222 0.034375 0.122222
1 0.934766 0.097917 0.016406 0.020833
3 0.337109 0.175000 0.111719 0.122222
3 0.280859 0.172222 0.066406 0.080556
1 0.914453 0.107639 0.019531 0.029167
1 0.036328 0.513889 0.072656 0.108333
1 0.840234 0.120833 0.027344 0.041667
1 0.026953 0.367361 0.053906 0.084722
3 0.589453 0.076389 0.053906 0.052778
3 0.617578 0.245833 0.105469 0.108333
1 0.025781 0.124306 0.020313 0.034722
3 0.886328 0.095833 0.017969 0.025000
