1 0.834766 0.126389 0.028906 0.036111
1 0.884766 0.131250 0.022656 0.040278
1 0.104297 0.181944 0.036719 0.058333
1 0.699219 0.119444 0.051562 0.061111
1 0.931250 0.126389 0.017188 0.030556
1 0.015234 0.381944 0.028906 0.075000
3 0.078516 0.161806 0.032031 0.051389
1 0.916016 0.106944 0.016406 0.027778
1 0.916016 0.106944 0.016406 0.027778
2 0.324609 0.137500 0.199219 0.172222
2 0.019141 0.200000 0.038281 0.125000
3 0.779297 0.149306 0.042969 0.059722
1 0.609766 0.100000 0.049219 0.041667
1 0.687891 0.289583 0.080469 0.090278
1 0.376953 0.019444 0.058594 0.036111
3 0.802734 0.056250 0.024219 0.026389
