3 0.649609 0.113194 0.055469 0.056944
1 0.809766 0.056250 0.019531 0.026389
0 0.394922 0.051389 0.008594 0.030556
3 0.375781 0.018056 0.059375 0.036111
1 0.707422 0.090278 0.044531 0.041667
1 0.575781 0.056944 0.043750 0.033333
1 0.509375 0.063194 0.053125 0.040278
1 0.017578 0.225000 0.035156 0.069444
0 0.357031 0.056944 0.007812 0.030556
3 0.480078 0.134028 0.078906 0.070833
1 0.051172 0.192361 0.028906 0.048611
0 0.941016 0.218750 0.010156 0.043056
1 0.018359 0.115278 0.013281 0.022222
1 0.042969 0.127083 0.018750 0.034722
1 0.891797 0.052778 0.011719 0.016667
0 0.923828 0.243750 0.010156 0.054167
3 0.138281 0.288194 0.125000 0.126389
