0 0.485938 0.083333 0.007812 0.025000
3 0.517188 0.085417 0.009375 0.040278
1 0.635156 0.090972 0.043750 0.043056
1 0.101953 0.080556 0.019531 0.025000
0 0.522266 0.084722 0.014844 0.044444
1 0.092188 0.128472 0.029687 0.043056
1 0.246094 0.290278 0.078125 0.108333
3 0.027344 0.143750 0.054688 0.120833
3 0.262891 0.095139 0.050781 0.051389
1 0.593359 0.077778 0.044531 0.044444
1 0.416406 0.175694 0.070312 0.065278
3 0.027734 0.143750 0.055469 0.120833
1 0.902344 0.050694 0.010937 0.020833
1 0.723828 0.456944 0.157031 0.144444
