3 0.593750 0.525694 0.189062 0.226389
2 0.454297 0.711111 0.625781 0.561111
1 0.146484 0.167361 0.038281 0.051389
1 0.263672 0.409722 0.117969 0.130556
3 0.098828 0.172222 0.036719 0.052778
1 0.813672 0.068056 0.025781 0.033333
1 0.208594 0.255556 0.068750 0.094444
1 0.073438 0.215972 0.039062 0.062500
1 0.026172 0.166667 0.025781 0.041667
3 0.269922 0.093750 0.053906 0.048611
1 0.008984 0.137500 0.017969 0.041667
3 0.573047 0.161806 0.075781 0.059722
3 0.575781 0.240278 0.112500 0.094444
3 0.653516 0.222917 0.121094 0.106944
