1 0.151953 0.168056 0.038281 0.047222
3 0.598047 0.076389 0.038281 0.041667
3 0.701953 0.095833 0.049219 0.055556
1 0.149609 0.125694 0.027344 0.034722
1 0.530078 0.352778 0.135156 0.116667
1 0.422266 0.070139 0.050781 0.037500
1 0.192578 0.079167 0.033594 0.047222
1 0.659766 0.075694 0.039844 0.048611
1 0.273438 0.080556 0.035937 0.033333
1 0.081641 0.125694 0.021094 0.037500
1 0.345703 0.487500 0.150781 0.188889
1 0.089844 0.177083 0.037500 0.051389
1 0.709766 0.071528 0.033594 0.034722
3 0.293359 0.134028 0.053906 0.059722
3 0.540234 0.137500 0.111719 0.100000
1 0.273828 0.080556 0.036719 0.036111
3 0.718750 0.281944 0.209375 0.219444
