1 0.746484 0.203472 0.060156 0.051389
3 0.598047 0.078472 0.038281 0.045833
3 0.701172 0.093750 0.050781 0.062500
1 0.654297 0.175694 0.075781 0.062500
1 0.123047 0.152083 0.035156 0.045833
1 0.661328 0.078472 0.041406 0.045833
1 0.430078 0.067361 0.058594 0.043056
1 0.144531 0.061806 0.018750 0.026389
1 0.266406 0.164583 0.073438 0.068056
1 0.067578 0.121528 0.019531 0.031944
1 0.837891 0.052778 0.019531 0.022222
1 0.041016 0.104167 0.017969 0.022222
1 0.579297 0.430556 0.169531 0.147222
0 0.802344 0.025694 0.007812 0.037500
