3 0.608984 0.127083 0.069531 0.070833
1 0.870703 0.059722 0.016406 0.019444
1 0.700000 0.095139 0.043750 0.048611
1 0.537109 0.059722 0.050781 0.036111
1 0.435547 0.065972 0.053906 0.043056
1 0.017188 0.225000 0.034375 0.066667
0 0.334375 0.054861 0.007812 0.031944
3 0.041406 0.354167 0.082812 0.122222
1 0.055469 0.196528 0.031250 0.048611
0 0.939453 0.254861 0.011719 0.054167
1 0.055859 0.143056 0.022656 0.030556
0 0.923047 0.245833 0.010156 0.050000
3 0.473047 0.129861 0.085156 0.084722
1 0.031641 0.125694 0.014844 0.026389
3 0.682813 0.129861 0.057813 0.062500
3 0.680859 0.062500 0.038281 0.036111
1 0.233203 0.346528 0.138281 0.137500
