1 0.147656 0.168056 0.042188 0.050000
3 0.190234 0.141667 0.047656 0.063889
1 0.502344 0.477083 0.160938 0.195833
3 0.115625 0.045833 0.028125 0.041667
3 0.598828 0.075694 0.039844 0.040278
3 0.176172 0.096528 0.033594 0.034722
3 0.190234 0.140972 0.047656 0.062500
3 0.702734 0.095139 0.047656 0.051389
1 0.129688 0.068056 0.018750 0.027778
1 0.326953 0.082639 0.063281 0.054167
3 0.187891 0.306250 0.124219 0.215278
1 0.393750 0.131250 0.059375 0.043056
3 0.408594 0.172917 0.087500 0.073611
1 0.831250 0.506250 0.150000 0.148611
1 0.092969 0.243056 0.050000 0.080556
2 0.213672 0.072917 0.046094 0.062500
1 0.710938 0.071528 0.034375 0.037500
1 0.542969 0.061111 0.045312 0.030556
3 0.848828 0.298611 0.191406 0.205556
1 0.003906 0.127083 0.007812 0.037500
1 0.845703 0.394444 0.127344 0.127778
