0 0.753906 0.156944 0.009375 0.052778
1 0.178125 0.054861 0.023438 0.026389
1 0.442969 0.813889 0.264062 0.369444
1 0.029297 0.167361 0.027344 0.043056
1 0.141797 0.204167 0.049219 0.063889
1 0.679688 0.087500 0.039062 0.050000
1 0.959766 0.606250 0.077344 0.101389
0 0.670703 0.131250 0.007031 0.034722
1 0.740234 0.267361 0.096094 0.073611
3 0.838672 0.354861 0.217969 0.251389
3 0.077461 0.215347 0.073672 0.111250
1 0.057422 0.144444 0.025781 0.030556
1 0.153906 0.094444 0.025000 0.030556
3 0.511328 0.442361 0.213281 0.301389
1 0.378125 0.163889 0.070312 0.058333
