3 0.654297 0.111806 0.055469 0.056944
1 0.832422 0.054861 0.019531 0.020833
0 0.435156 0.061111 0.007812 0.033333
3 0.378125 0.017361 0.059375 0.034722
1 0.706641 0.092361 0.042969 0.045833
1 0.252734 0.222222 0.097656 0.097222
1 0.621875 0.053472 0.037500 0.029167
1 0.561328 0.057639 0.047656 0.037500
1 0.016797 0.224306 0.033594 0.065278
1 0.375391 0.147917 0.071094 0.056944
0 0.385937 0.072917 0.010937 0.034722
0 0.942969 0.241667 0.010937 0.047222
3 0.883203 0.096528 0.019531 0.029167
2 0.377344 0.018750 0.057813 0.034722
1 0.033594 0.172917 0.026562 0.043056
1 0.539844 0.111806 0.062500 0.062500
1 0.008594 0.105556 0.014063 0.025000
1 0.161328 0.406944 0.153906 0.155556
