3 0.655078 0.111111 0.058594 0.058333
1 0.858203 0.052778 0.014844 0.013889
0 0.442969 0.068056 0.009375 0.036111
3 0.377344 0.017361 0.059375 0.034722
1 0.706641 0.093056 0.041406 0.041667
1 0.581250 0.099306 0.056250 0.054167
1 0.626172 0.054167 0.038281 0.030556
0 0.422266 0.058333 0.008594 0.033333
1 0.572656 0.056250 0.045312 0.037500
3 0.945703 0.106944 0.016406 0.036111
1 0.017188 0.225000 0.034375 0.066667
1 0.662109 0.069444 0.036719 0.033333
0 0.398047 0.079861 0.010156 0.037500
0 0.930859 0.232639 0.011719 0.048611
3 0.811328 0.134028 0.035156 0.048611
3 0.825391 0.054167 0.019531 0.022222
2 0.376563 0.018750 0.057813 0.034722
1 0.016406 0.153472 0.020313 0.034722
0 0.964453 0.272222 0.010156 0.063889
1 0.700391 0.072917 0.036719 0.034722
1 0.090234 0.465278 0.160156 0.166667
