3 0.621484 0.122222 0.064844 0.066667
1 0.877734 0.054861 0.016406 0.020833
0 0.375391 0.052778 0.010156 0.030556
1 0.706641 0.093056 0.041406 0.044444
1 0.549609 0.061111 0.049219 0.038889
1 0.458594 0.064583 0.056250 0.040278
1 0.017188 0.224306 0.034375 0.070833
3 0.152734 0.277083 0.111719 0.112500
1 0.054297 0.195833 0.032031 0.052778
1 0.052734 0.141667 0.024219 0.027778
3 0.542578 0.108333 0.069531 0.072222
1 0.028125 0.122222 0.021875 0.030556
3 0.692578 0.123611 0.057031 0.063889
1 0.228906 0.349306 0.139063 0.137500
