1 0.151172 0.169444 0.039844 0.050000
3 0.598047 0.077778 0.036719 0.038889
3 0.701953 0.096528 0.049219 0.054167
1 0.147266 0.124306 0.033594 0.037500
1 0.024609 0.379167 0.049219 0.091667
1 0.235937 0.115972 0.042188 0.048611
1 0.659766 0.074306 0.036719 0.045833
1 0.081250 0.127083 0.023438 0.040278
1 0.710938 0.072222 0.034375 0.036111
3 0.123828 0.072917 0.044531 0.054167
1 0.516797 0.385417 0.152344 0.109722
1 0.822266 0.056250 0.019531 0.023611
1 0.343359 0.097222 0.049219 0.044444
1 0.418359 0.070139 0.060156 0.040278
3 0.924609 0.563889 0.144531 0.175000
