3 0.651953 0.111806 0.055469 0.059722
1 0.835938 0.052083 0.017188 0.020833
3 0.376953 0.019444 0.058594 0.036111
1 0.705859 0.092361 0.046094 0.045833
1 0.585547 0.056250 0.042969 0.031944
1 0.523438 0.062500 0.050000 0.038889
1 0.017578 0.225000 0.035156 0.069444
0 0.364453 0.059722 0.008594 0.036111
3 0.582812 0.101389 0.056250 0.055556
1 0.048828 0.190278 0.030469 0.050000
0 0.940234 0.218750 0.010156 0.043056
1 0.013672 0.111111 0.014844 0.022222
1 0.032422 0.122222 0.019531 0.027778
1 0.216016 0.361111 0.141406 0.141667
3 0.330859 0.192361 0.108594 0.093056
