0 0.721484 0.140278 0.011719 0.041667
1 0.163672 0.095139 0.030469 0.034722
1 0.053516 0.197222 0.033594 0.050000
1 0.287109 0.325694 0.099219 0.112500
1 0.662891 0.081944 0.039844 0.038889
1 0.949219 0.604861 0.100000 0.123611
0 0.633203 0.025694 0.007031 0.034722
3 0.116797 0.250694 0.067969 0.101389
3 0.525391 0.189583 0.166406 0.170833
1 0.893359 0.271528 0.069531 0.081944
3 0.525391 0.189583 0.164844 0.170833
0 0.635156 0.026389 0.009375 0.036111
1 0.112891 0.081944 0.019531 0.027778
1 0.246484 0.118750 0.039844 0.040278
