3 0.668750 0.106250 0.056250 0.054167
1 0.431641 0.151389 0.075781 0.066667
1 0.743359 0.083333 0.036719 0.044444
0 0.268750 0.134028 0.010937 0.048611
0 0.192969 0.157639 0.009375 0.040278
0 0.250781 0.135417 0.014063 0.048611
1 0.871484 0.102778 0.019531 0.030556
1 0.174609 0.236111 0.088281 0.083333
1 0.848828 0.165278 0.035156 0.047222
1 0.730859 0.245833 0.063281 0.075000
0 0.243359 0.137500 0.008594 0.038889
3 0.473047 0.061806 0.066406 0.040278
3 0.553125 0.271528 0.123438 0.120833
3 0.579297 0.079861 0.057031 0.051389
1 0.783984 0.056944 0.035156 0.069444
1 0.457422 0.117361 0.058594 0.043056
1 0.005859 0.547917 0.011719 0.098611
