3 0.887109 0.313194 0.114844 0.112500
1 0.146484 0.165972 0.038281 0.048611
3 0.467578 0.421528 0.142969 0.168056
1 0.757812 0.075694 0.035937 0.054167
1 0.499219 0.657639 0.200000 0.248611
1 0.119141 0.272917 0.057031 0.081944
3 0.114844 0.067361 0.021875 0.029167
1 0.046484 0.181250 0.036719 0.062500
3 0.610938 0.077083 0.031250 0.031944
3 0.217188 0.080556 0.042188 0.050000
3 0.169531 0.133333 0.043750 0.055556
3 0.103125 0.168056 0.045312 0.080556
1 0.035547 0.258333 0.038281 0.077778
1 0.014453 0.151389 0.021094 0.033333
1 0.826953 0.338889 0.105469 0.091667
3 0.334766 0.106944 0.080469 0.061111
