3 0.653906 0.110417 0.056250 0.059722
1 0.040234 0.314583 0.080469 0.118056
1 0.848828 0.052083 0.017969 0.015278
0 0.425391 0.080556 0.008594 0.038889
3 0.376172 0.017361 0.057031 0.034722
1 0.707422 0.090278 0.041406 0.047222
1 0.617578 0.055556 0.021094 0.025000
0 0.443750 0.075000 0.009375 0.038889
1 0.572656 0.056250 0.045312 0.037500
3 0.883984 0.150694 0.033594 0.054167
1 0.017188 0.223611 0.034375 0.077778
1 0.837891 0.125694 0.025781 0.037500
1 0.814453 0.054861 0.019531 0.023611
0 0.396484 0.095139 0.011719 0.043056
3 0.278516 0.216667 0.116406 0.102778
1 0.593359 0.100000 0.053906 0.044444
0 0.938672 0.216667 0.010156 0.041667
1 0.019531 0.531250 0.039062 0.106944
