3 0.652734 0.112500 0.053906 0.055556
1 0.848828 0.052778 0.014844 0.016667
0 0.439453 0.063194 0.007031 0.034722
1 0.705859 0.095833 0.042969 0.038889
1 0.466406 0.136111 0.076563 0.069444
1 0.626953 0.054861 0.035156 0.029167
0 0.413672 0.054861 0.007031 0.031944
1 0.568359 0.056250 0.047656 0.037500
1 0.016797 0.224306 0.033594 0.068056
1 0.565234 0.090972 0.047656 0.040278
0 0.392578 0.075000 0.010156 0.036111
0 0.930859 0.238889 0.013281 0.052778
3 0.852734 0.112500 0.024219 0.038889
3 0.805859 0.054861 0.019531 0.023611
2 0.376172 0.018750 0.057031 0.034722
1 0.024609 0.162500 0.022656 0.036111
1 0.004297 0.100694 0.008594 0.023611
0 0.955078 0.265972 0.013281 0.059722
1 0.131641 0.432639 0.163281 0.159722
