3 0.653516 0.110417 0.053906 0.059722
3 0.376953 0.020139 0.058594 0.034722
1 0.706641 0.093750 0.046094 0.048611
1 0.594531 0.055556 0.042188 0.033333
1 0.530859 0.060417 0.049219 0.037500
1 0.017578 0.225000 0.035156 0.069444
0 0.366797 0.056250 0.013281 0.043056
3 0.630078 0.088194 0.041406 0.045833
1 0.047656 0.188194 0.029687 0.045833
0 0.940234 0.220139 0.010156 0.043056
1 0.009766 0.108333 0.014844 0.022222
1 0.028516 0.120139 0.022656 0.029167
1 0.844141 0.052778 0.014844 0.019444
1 -0.000391 0.388889 -0.000781 0.038889
1 0.207813 0.367361 0.145313 0.143056
3 0.433984 0.150694 0.094531 0.081944
