1 0.151172 0.169444 0.039844 0.050000
3 0.598047 0.077778 0.036719 0.038889
3 0.701953 0.096528 0.049219 0.054167
1 0.149609 0.125000 0.032031 0.036111
1 0.044141 0.372917 0.088281 0.118056
1 0.251953 0.122917 0.044531 0.048611
1 0.659766 0.075000 0.038281 0.050000
1 0.081250 0.126389 0.023438 0.038889
1 0.710938 0.072222 0.034375 0.036111
1 0.569531 0.400000 0.153125 0.113889
1 0.824609 0.056250 0.016406 0.020833
1 0.360938 0.103472 0.050000 0.045833
1 0.419531 0.070833 0.056250 0.038889
3 0.937891 0.584722 0.121094 0.186111
