3 0.673047 0.104861 0.057031 0.054167
1 0.530859 0.109722 0.063281 0.066667
1 0.783594 0.071528 0.032813 0.043056
0 0.255859 0.143056 0.008594 0.041667
3 0.933984 0.093750 0.021094 0.026389
1 0.837500 0.051389 0.025000 0.022222
0 0.178906 0.164583 0.014063 0.043056
0 0.241797 0.143056 0.008594 0.041667
1 0.850391 0.113889 0.024219 0.033333
1 0.305469 0.174306 0.081250 0.065278
1 0.151172 0.288194 0.096094 0.095833
3 0.923047 0.143750 0.017969 0.031944
1 0.817187 0.190972 0.043750 0.056944
1 0.646484 0.309028 0.089844 0.095833
0 0.231250 0.137500 0.009375 0.041667
3 0.538672 0.056944 0.055469 0.038889
3 0.382812 0.376389 0.175000 0.161111
1 0.006641 0.547917 0.013281 0.098611
