1 0.909766 0.106944 0.019531 0.027778
1 0.105469 0.181944 0.037500 0.058333
1 0.694141 0.122222 0.052344 0.063889
3 0.079687 0.161806 0.034375 0.054167
2 0.013672 0.298611 0.027344 0.138889
2 0.018359 0.195833 0.036719 0.113889
3 0.556641 0.107639 0.067969 0.062500
1 0.321875 0.203472 0.087500 0.076389
1 0.857422 0.152778 0.030469 0.044444
3 0.753516 0.060417 0.032031 0.037500
3 0.644922 0.068056 0.047656 0.041667
1 0.742969 0.234028 0.057813 0.076389
3 0.464453 0.113889 0.077344 0.063889
1 0.006641 0.543750 0.013281 0.065278
3 0.014453 0.297917 0.028906 0.140278
3 0.663672 0.220139 0.071094 0.073611
