1 0.151172 0.170833 0.036719 0.044444
3 0.798438 0.370139 0.131250 0.115278
3 0.292578 0.081250 0.050781 0.048611
3 0.033984 0.123611 0.027344 0.036111
1 0.598047 0.711111 0.258594 0.352778
3 0.598047 0.078472 0.036719 0.040278
3 0.145313 0.061111 0.020313 0.027778
3 0.240234 0.111806 0.046094 0.048611
3 0.192578 0.152083 0.041406 0.040278
1 0.136328 0.299306 0.063281 0.087500
1 0.052344 0.195139 0.032813 0.054167
3 0.710547 0.095139 0.042969 0.051389
1 0.462891 0.153472 0.067969 0.062500
1 0.665234 0.199306 0.107031 0.090278
1 0.010547 0.131944 0.021094 0.061111
3 0.010547 0.132639 0.021094 0.062500
1 0.075000 0.160417 0.032813 0.043056
1 0.087500 0.061111 0.021875 0.030556
