1 0.151172 0.169444 0.039844 0.050000
3 0.597266 0.079167 0.035156 0.038889
3 0.094922 0.067361 0.027344 0.037500
3 0.701172 0.096528 0.047656 0.051389
1 0.144531 0.124306 0.025000 0.037500
1 0.595703 0.381944 0.144531 0.127778
1 0.422266 0.072222 0.052344 0.036111
1 0.660547 0.072222 0.038281 0.052778
1 0.558984 0.149306 0.071094 0.048611
3 0.190234 0.090278 0.060156 0.077778
1 0.083203 0.125694 0.027344 0.037500
1 0.042578 0.179861 0.032031 0.051389
1 0.026953 0.226389 0.039844 0.083333
1 0.353906 0.091667 0.053125 0.047222
1 0.709766 0.073611 0.032031 0.036111
