1 0.101562 0.180556 0.037500 0.058333
1 0.684766 0.125000 0.053906 0.063889
1 0.694922 0.060417 0.035156 0.034722
3 0.076953 0.160417 0.033594 0.054167
2 0.017578 0.193056 0.035156 0.133333
1 0.933203 0.099306 0.013281 0.020833
3 0.415625 0.147222 0.098437 0.105556
3 0.348828 0.150000 0.089844 0.080556
1 0.908203 0.110417 0.019531 0.029167
1 0.033984 0.515278 0.067969 0.105556
1 0.823047 0.129861 0.032031 0.043056
1 0.108594 0.309028 0.101562 0.098611
3 0.611328 0.071528 0.053906 0.048611
3 0.503516 0.313194 0.142969 0.137500
3 0.880078 0.097917 0.017969 0.029167
