0 0.532813 0.088889 0.010937 0.047222
1 0.171094 0.093750 0.029687 0.043056
3 0.574219 0.098611 0.010937 0.041667
1 0.251953 0.075000 0.035156 0.033333
1 0.643359 0.088194 0.041406 0.043056
1 0.010937 0.425000 0.021875 0.075000
3 0.071484 0.069444 0.036719 0.036111
3 0.942578 0.117361 0.016406 0.029167
3 0.121875 0.061806 0.031250 0.043056
1 0.715625 0.055556 0.026562 0.033333
1 0.332813 0.151389 0.059375 0.047222
0 0.592969 0.099306 0.010937 0.045833
1 0.021875 0.118056 0.023438 0.027778
1 0.770312 0.481944 0.156250 0.150000
