1 0.784766 0.188889 0.047656 0.052778
3 0.598047 0.079167 0.038281 0.044444
3 0.701172 0.093750 0.049219 0.059722
1 0.710156 0.172222 0.064062 0.058333
1 0.132422 0.155556 0.036719 0.050000
1 0.660937 0.078472 0.040625 0.045833
1 0.417578 0.066667 0.055469 0.047222
1 0.133984 0.059722 0.017969 0.025000
1 0.305859 0.168750 0.088281 0.070833
1 0.076953 0.123611 0.030469 0.036111
1 0.834766 0.053472 0.019531 0.023611
1 0.448437 0.400000 0.165625 0.138889
0 0.802344 0.024306 0.009375 0.040278
1 0.377344 0.020139 0.059375 0.034722
