3 0.683203 0.202083 0.110156 0.093056
3 0.951562 0.646528 0.081250 0.404167
1 0.241016 0.400000 0.105469 0.136111
3 0.091406 0.063194 0.018750 0.026389
3 0.241406 0.085417 0.054688 0.048611
1 0.077344 0.215972 0.045312 0.076389
3 0.603516 0.077778 0.039844 0.038889
3 0.162109 0.072917 0.030469 0.043056
3 0.179297 0.136111 0.046094 0.058333
3 0.164844 0.210417 0.070312 0.120833
1 0.105469 0.377083 0.070312 0.131944
1 0.025391 0.167361 0.025781 0.040278
1 0.580469 0.209028 0.089063 0.070833
1 0.178516 0.136806 0.049219 0.056944
3 0.738672 0.325694 0.139844 0.120833
3 0.237109 0.085417 0.053906 0.048611
