3 0.627734 0.121528 0.064844 0.065278
0 0.377734 0.052083 0.007031 0.029167
1 0.708984 0.090972 0.044531 0.045833
1 0.554297 0.059722 0.047656 0.033333
1 0.471875 0.065278 0.054688 0.041667
1 0.017188 0.224306 0.034375 0.070833
3 0.212500 0.243750 0.106250 0.104167
1 0.053906 0.196528 0.032813 0.051389
0 0.941016 0.254861 0.011719 0.048611
1 0.050391 0.131944 0.025781 0.044444
0 0.922656 0.240972 0.010937 0.056944
3 0.572266 0.097917 0.064844 0.070833
1 0.027734 0.121528 0.019531 0.029167
1 0.227344 0.352083 0.139063 0.137500
