3 0.621094 0.321528 0.071875 0.137500
1 0.644141 0.084028 0.049219 0.034722
1 0.101562 0.177778 0.035937 0.052778
1 0.648438 0.105556 0.051562 0.063889
1 0.730859 0.089583 0.014844 0.026389
1 0.655469 0.069444 0.039062 0.033333
1 0.751172 0.106250 0.036719 0.043056
1 0.131641 0.062500 0.016406 0.016667
1 0.838672 0.077083 0.025781 0.029167
3 0.880859 0.100694 0.022656 0.034722
3 0.621484 0.320833 0.072656 0.138889
1 0.197656 0.065972 0.026562 0.023611
1 0.836328 0.061111 0.028906 0.025000
3 0.319922 0.199306 0.105469 0.090278
1 0.643359 0.087500 0.049219 0.036111
