3 0.664453 0.106944 0.053906 0.055556
1 0.209766 0.245139 0.092969 0.101389
1 0.783594 0.065972 0.034375 0.051389
0 0.289453 0.126389 0.010156 0.047222
0 0.213672 0.148611 0.010156 0.044444
0 0.276172 0.128472 0.011719 0.043056
1 0.879297 0.139583 0.027344 0.040278
1 0.807813 0.188889 0.040625 0.055556
3 0.366797 0.066667 0.064844 0.041667
3 0.702344 0.188889 0.076563 0.080556
3 0.483984 0.108333 0.075781 0.063889
1 0.764453 0.041667 0.028906 0.041667
1 0.300000 0.175694 0.081250 0.068056
1 0.737109 0.086111 0.036719 0.038889
0 0.260156 0.127778 0.009375 0.041667
3 0.020703 0.643056 0.041406 0.161111
1 0.005859 0.535417 0.011719 0.073611
