3 0.759766 0.646528 0.211719 0.262500
2 0.503516 0.759028 0.589844 0.462500
1 0.146094 0.165972 0.040625 0.051389
1 0.355859 0.502083 0.161719 0.168056
3 0.109766 0.177778 0.039844 0.061111
1 0.808203 0.068750 0.025781 0.029167
1 0.249609 0.287500 0.082031 0.111111
1 0.084375 0.228472 0.043750 0.065278
1 0.030078 0.170139 0.024219 0.040278
3 0.236328 0.088194 0.057031 0.048611
1 0.010156 0.138889 0.020313 0.041667
3 0.514844 0.140278 0.071875 0.052778
3 0.495703 0.204167 0.097656 0.083333
3 0.578906 0.191667 0.107813 0.100000
3 0.889453 0.350000 0.119531 0.116667
