1 0.151172 0.170139 0.039844 0.048611
3 0.146875 0.075694 0.023438 0.034722
3 0.598047 0.078472 0.038281 0.040278
3 0.701953 0.096528 0.047656 0.051389
1 0.149219 0.125694 0.026562 0.034722
1 0.525391 0.351389 0.135156 0.116667
1 0.177344 0.059028 0.021875 0.031944
1 0.660156 0.076389 0.039062 0.047222
1 0.082031 0.125694 0.021875 0.037500
1 0.884375 0.893750 0.229687 0.201389
1 0.166797 0.240278 0.058594 0.080556
1 0.710547 0.071528 0.032031 0.031944
3 0.418359 0.092361 0.085156 0.079167
3 0.469531 0.167361 0.145313 0.145833
1 0.925391 0.577083 0.147656 0.154167
1 0.804297 0.050694 0.017969 0.015278
1 0.123438 0.086111 0.023438 0.027778
