3 0.598047 0.079167 0.038281 0.041667
3 0.701172 0.097222 0.050781 0.055556
1 0.879297 0.099306 0.019531 0.029167
1 0.619141 0.229167 0.102344 0.080556
1 0.566016 0.054861 0.047656 0.043056
1 0.231641 0.069444 0.032031 0.036111
1 0.778125 0.152083 0.050000 0.059722
1 0.167969 0.177778 0.043750 0.055556
1 0.803516 0.058333 0.022656 0.027778
3 0.905078 0.091667 0.017969 0.025000
1 0.734766 0.208333 0.072656 0.077778
1 0.378125 0.018056 0.059375 0.036111
1 0.084375 0.127083 0.028125 0.040278
1 0.843359 0.054861 0.025781 0.020833
1 0.628125 0.470139 0.178125 0.137500
