3 0.610156 0.200694 0.053125 0.093056
1 0.750391 0.084028 0.028906 0.037500
3 0.078906 0.294444 0.123438 0.122222
1 0.101953 0.178472 0.033594 0.048611
1 0.930859 0.098611 0.014844 0.022222
1 0.697266 0.097222 0.042969 0.047222
3 0.891406 0.097222 0.017188 0.022222
1 0.906641 0.118750 0.016406 0.026389
1 0.776172 0.061806 0.022656 0.029167
1 0.797266 0.091667 0.027344 0.030556
1 0.175781 0.065278 0.025000 0.027778
1 0.867578 0.071528 0.016406 0.020833
3 0.837891 0.121528 0.033594 0.043056
3 0.813672 0.183333 0.046094 0.063889
3 0.609766 0.200000 0.055469 0.094444
