3 0.694141 0.098611 0.038281 0.041667
1 0.573828 0.109028 0.052344 0.048611
1 0.126562 0.261111 0.090625 0.100000
1 0.778516 0.068750 0.041406 0.051389
1 0.815234 0.056944 0.024219 0.025000
0 0.161719 0.184028 0.010937 0.051389
1 0.873828 0.139583 0.025781 0.040278
0 0.941016 0.639583 0.032031 0.131944
1 0.916797 0.142361 0.021094 0.040278
3 0.829297 0.165972 0.044531 0.068056
1 0.230078 0.242361 0.088281 0.095833
1 0.790234 0.154861 0.038281 0.048611
0 0.082422 0.215972 0.011719 0.048611
0 0.890234 0.754861 0.039844 0.104167
1 0.369922 0.150694 0.077344 0.062500
0 0.152734 0.184028 0.011719 0.051389
1 0.317969 0.433333 0.135937 0.141667
1 0.674609 0.067361 0.035156 0.029167
0 0.875391 0.861111 0.049219 0.130556
