0 0.716797 0.138194 0.010156 0.043056
1 0.137109 0.069444 0.025781 0.033333
1 0.150000 0.092361 0.026562 0.031944
1 0.062891 0.206944 0.038281 0.055556
1 0.366406 0.390972 0.131250 0.137500
1 0.660156 0.082639 0.039062 0.037500
1 0.946875 0.603472 0.104688 0.126389
3 0.139844 0.272917 0.078125 0.109722
3 0.464844 0.165972 0.150000 0.148611
0 0.734375 0.142361 0.007812 0.045833
3 0.464844 0.165972 0.150000 0.148611
3 0.870703 0.319444 0.160156 0.202778
1 0.104297 0.080556 0.017969 0.025000
1 0.224219 0.113194 0.037500 0.040278
