3 0.666016 0.106944 0.058594 0.055556
1 0.784375 0.065278 0.039062 0.050000
0 0.306641 0.120139 0.011719 0.045833
0 0.234766 0.142361 0.011719 0.043056
0 0.291797 0.124306 0.011719 0.043056
1 0.901172 0.121528 0.022656 0.034722
1 0.851953 0.155556 0.030469 0.044444
0 0.274609 0.118750 0.011719 0.043056
3 0.289062 0.068750 0.050000 0.037500
3 0.783203 0.147222 0.047656 0.058333
3 0.357031 0.150000 0.096875 0.080556
1 0.128516 0.261111 0.092969 0.091667
1 0.730859 0.090278 0.038281 0.036111
3 0.326172 0.417361 0.189844 0.193056
1 0.006641 0.547222 0.013281 0.097222
