3 0.598047 0.079861 0.038281 0.043056
3 0.700391 0.097222 0.049219 0.055556
1 0.894922 0.094444 0.014844 0.025000
1 0.733984 0.219444 0.077344 0.075000
1 0.513672 0.061806 0.053906 0.045833
1 0.198047 0.063889 0.025781 0.033333
1 0.816016 0.135417 0.036719 0.054167
1 0.241797 0.202778 0.067969 0.066667
1 0.801172 0.056944 0.022656 0.027778
1 0.098047 0.139583 0.032031 0.040278
1 0.839453 0.056944 0.032031 0.022222
1 0.292187 0.401389 0.151562 0.111111
1 0.660547 0.077778 0.041406 0.050000
1 0.866406 0.062500 0.018750 0.019444
