3 0.655078 0.111806 0.058594 0.056944
1 0.857422 0.052083 0.014844 0.015278
0 0.442578 0.067361 0.008594 0.034722
3 0.378125 0.017361 0.059375 0.034722
1 0.705859 0.092361 0.041406 0.043056
1 0.572266 0.102083 0.057031 0.054167
1 0.626172 0.054861 0.038281 0.029167
0 0.420703 0.059028 0.008594 0.031944
1 0.573047 0.056944 0.046094 0.036111
3 0.946484 0.106944 0.016406 0.033333
1 0.017578 0.224306 0.035156 0.068056
1 0.653906 0.069444 0.034375 0.030556
0 0.397266 0.080556 0.011719 0.038889
0 0.930859 0.233333 0.011719 0.047222
3 0.816016 0.132639 0.032031 0.045833
3 0.823047 0.054167 0.019531 0.022222
2 0.377344 0.018750 0.057813 0.034722
1 0.017188 0.154167 0.021875 0.033333
0 0.963672 0.271528 0.011719 0.068056
1 0.694141 0.071528 0.035156 0.034722
1 0.094141 0.463194 0.158594 0.165278
