3 0.664453 0.106944 0.055469 0.055556
1 0.687891 0.058333 0.036719 0.036111
0 0.325391 0.111111 0.011719 0.044444
1 0.844922 0.050694 0.014844 0.018056
0 0.348047 0.093056 0.011719 0.033333
3 0.100781 0.270139 0.112500 0.115278
1 0.712891 0.091667 0.028906 0.041667
3 0.100781 0.270139 0.112500 0.115278
3 0.376172 0.127778 0.105469 0.108333
1 0.807422 0.056250 0.021094 0.023611
3 0.836328 0.218056 0.064844 0.108333
1 0.010937 0.207639 0.021875 0.059722
3 0.807422 0.261806 0.041406 0.070833
1 0.631641 0.048611 0.039844 0.033333
3 0.836328 0.218750 0.064844 0.112500
3 0.562109 0.307639 0.133594 0.131944
3 0.431641 0.155556 0.080469 0.066667
1 0.006250 0.548611 0.012500 0.097222
