3 0.383203 0.101389 0.071094 0.058333
1 0.150391 0.168750 0.039844 0.048611
1 0.751563 0.052778 0.021875 0.030556
3 0.063281 0.070833 0.017188 0.036111
1 0.250781 0.388889 0.121875 0.175000
3 0.599219 0.076389 0.040625 0.041667
3 0.183984 0.065278 0.028906 0.033333
3 0.185547 0.140278 0.049219 0.061111
3 0.632422 0.546528 0.252344 0.356944
1 0.073047 0.226389 0.041406 0.063889
1 0.185938 0.140278 0.048438 0.061111
3 0.337891 0.140278 0.074219 0.069444
1 0.030859 0.170833 0.025781 0.041667
3 0.718359 0.086806 0.044531 0.059722
1 0.635547 0.225000 0.086719 0.080556
