3 0.655859 0.109028 0.057031 0.059722
1 0.407422 0.130556 0.082031 0.069444
0 0.437109 0.077778 0.008594 0.041667
0 0.424219 0.079861 0.007812 0.031944
1 0.808594 0.054861 0.020313 0.023611
0 0.394141 0.088194 0.013281 0.040278
1 0.711719 0.087500 0.040625 0.050000
1 0.644922 0.050694 0.033594 0.031944
1 0.575391 0.054861 0.044531 0.037500
3 0.782031 0.220833 0.062500 0.086111
1 0.016406 0.218056 0.032813 0.069444
1 0.691406 0.209028 0.059375 0.068056
1 0.841797 0.051389 0.017969 0.019444
0 0.371484 0.100000 0.010156 0.041667
1 0.006250 0.547222 0.012500 0.097222
