3 0.669922 0.138889 0.055469 0.063889
1 0.755078 0.084722 0.027344 0.036111
3 0.085156 0.061806 0.026562 0.034722
3 0.330469 0.194444 0.187500 0.125000
3 0.625391 0.088889 0.058594 0.055556
1 0.101953 0.178472 0.036719 0.054167
1 0.139063 0.068750 0.021875 0.029167
1 0.815234 0.177083 0.041406 0.056944
1 0.721094 0.090972 0.035937 0.040278
3 0.651563 0.234028 0.079687 0.076389
1 0.511328 0.439583 0.141406 0.134722
0 0.239063 0.045139 0.004687 0.023611
1 0.824609 0.055556 0.017969 0.019444
1 0.797266 0.057639 0.019531 0.023611
1 0.537109 0.064583 0.050781 0.031944
