3 0.214062 0.213194 0.096875 0.076389
3 0.701953 0.090972 0.049219 0.065278
1 0.473828 0.113889 0.063281 0.058333
1 0.168750 0.064583 0.021875 0.026389
1 0.783984 0.067361 0.030469 0.056944
1 0.816016 0.056250 0.022656 0.023611
0 0.108984 0.207639 0.013281 0.054167
0 0.107813 0.208333 0.014063 0.052778
1 0.763281 0.227778 0.056250 0.069444
0 0.894922 0.758333 0.041406 0.138889
1 0.819922 0.256944 0.046094 0.077778
3 0.132031 0.299306 0.128125 0.120833
3 0.591797 0.340278 0.139844 0.161111
1 0.591016 0.098611 0.050781 0.050000
1 0.515234 0.313194 0.105469 0.098611
0 0.035937 0.247917 0.014063 0.045833
0 0.817578 0.952083 0.052344 0.093056
