3 0.548047 0.168750 0.072656 0.084722
1 0.845703 0.067361 0.017969 0.023611
1 0.664844 0.104167 0.051562 0.052778
1 0.457813 0.065972 0.054688 0.034722
1 0.339844 0.070139 0.054688 0.040278
1 0.017188 0.225000 0.034375 0.066667
1 0.056250 0.196528 0.032813 0.051389
0 0.939453 0.255556 0.013281 0.052778
1 0.070703 0.151389 0.030469 0.041667
1 0.548438 0.111806 0.054688 0.045833
0 0.923828 0.243056 0.011719 0.050000
3 0.077734 0.307639 0.122656 0.165278
1 0.045703 0.140278 0.019531 0.022222
3 0.628516 0.181944 0.057031 0.086111
3 0.423047 0.129167 0.083594 0.063889
3 0.547656 0.169444 0.073438 0.086111
1 0.258203 0.325000 0.130469 0.130556
