3 0.740234 0.631944 0.207031 0.258333
2 0.489063 0.753472 0.582812 0.476389
1 0.146094 0.165972 0.040625 0.051389
1 0.343750 0.492361 0.156250 0.162500
3 0.108203 0.177778 0.039844 0.061111
1 0.809375 0.069444 0.026562 0.030556
1 0.244922 0.283333 0.082031 0.108333
1 0.083203 0.226389 0.042969 0.066667
1 0.028906 0.169444 0.025000 0.041667
3 0.244922 0.087500 0.047656 0.044444
1 0.009766 0.138889 0.019531 0.041667
3 0.521094 0.143056 0.070312 0.052778
3 0.504297 0.208333 0.096094 0.083333
3 0.586328 0.194444 0.113281 0.102778
3 0.894141 0.347917 0.110156 0.101389
