1 0.868359 0.115278 0.025781 0.033333
1 0.903516 0.117361 0.021094 0.034722
1 0.106641 0.168750 0.027344 0.029167
1 0.697266 0.120833 0.050781 0.061111
1 0.941797 0.113889 0.017969 0.030556
3 0.080078 0.161806 0.033594 0.051389
1 0.927734 0.100000 0.014844 0.025000
2 0.176953 0.202083 0.227344 0.215278
1 0.536719 0.121528 0.059375 0.054167
1 0.780859 0.215278 0.049219 0.063889
1 0.377734 0.018750 0.058594 0.034722
3 0.789453 0.057639 0.027344 0.031944
3 0.700391 0.059028 0.042969 0.037500
1 0.481641 0.434028 0.139844 0.145833
3 0.577344 0.082639 0.056250 0.048611
1 0.770312 0.050000 0.020313 0.022222
3 0.322266 0.438194 0.155469 0.137500
