1 0.150781 0.168056 0.040625 0.050000
3 0.191797 0.144444 0.047656 0.061111
1 0.282813 0.313889 0.090625 0.116667
3 0.598828 0.076389 0.038281 0.038889
3 0.701562 0.096528 0.046875 0.051389
1 0.154297 0.073611 0.021094 0.030556
3 0.119531 0.245139 0.084375 0.154167
3 0.391016 0.097222 0.075781 0.066667
1 0.512109 0.173611 0.074219 0.047222
3 0.533594 0.226389 0.107813 0.094444
1 0.887500 0.542361 0.150000 0.159722
1 0.063281 0.210417 0.034375 0.065278
2 0.258984 0.087500 0.058594 0.080556
1 0.710547 0.072222 0.032031 0.036111
