0 0.811328 0.184722 0.013281 0.052778
1 0.202734 0.342361 0.083594 0.129167
1 0.762891 0.062500 0.025781 0.033333
1 0.769922 0.857639 0.235156 0.281944
1 0.448828 0.431250 0.141406 0.148611
1 0.273047 0.078472 0.036719 0.031944
1 0.512109 0.178472 0.078906 0.065278
1 0.568359 0.158333 0.071094 0.063889
3 0.110156 0.375694 0.093750 0.198611
1 0.105078 0.112500 0.036719 0.041667
1 0.203125 0.341667 0.084375 0.130556
1 0.194141 0.242361 0.060156 0.070833
1 0.411719 0.181944 0.075000 0.061111
3 0.071094 0.145139 0.039062 0.076389
