0 0.578906 0.099306 0.012500 0.045833
3 0.632422 0.109722 0.010156 0.044444
1 0.706250 0.215278 0.087500 0.075000
1 0.643359 0.086111 0.041406 0.041667
1 0.754297 0.483333 0.163281 0.138889
3 0.321875 0.094444 0.084375 0.088889
1 0.165234 0.062500 0.022656 0.033333
3 0.896484 0.154167 0.032031 0.050000
3 0.321094 0.093056 0.084375 0.088889
3 0.460547 0.120139 0.083594 0.068056
3 0.695312 0.300000 0.157812 0.141667
3 0.195312 0.070833 0.043750 0.063889
0 0.632031 0.112500 0.010937 0.041667
1 0.155859 0.029167 0.008594 0.036111
1 0.218359 0.036111 0.027344 0.033333
1 0.292578 0.433333 0.163281 0.208333
