1 0.481641 0.623611 0.189844 0.233333
1 0.823047 0.702083 0.189844 0.259722
1 0.248828 0.288194 0.072656 0.081944
0 0.914453 0.238889 0.013281 0.052778
1 0.095312 0.166667 0.034375 0.052778
1 0.025391 0.157639 0.025781 0.045833
1 0.936328 0.097917 0.013281 0.018056
1 0.065234 0.330556 0.055469 0.094444
1 0.446484 0.123611 0.066406 0.050000
1 0.619531 0.946528 0.164062 0.101389
1 0.643359 0.191667 0.094531 0.069444
1 0.046484 0.187500 0.030469 0.047222
1 0.741406 0.345139 0.123438 0.104167
1 0.063281 0.146528 0.025000 0.034722
