0 0.685547 0.131944 0.010156 0.036111
1 0.158594 0.051389 0.015625 0.019444
1 0.097266 0.077083 0.019531 0.029167
1 0.155469 0.307639 0.068750 0.093056
1 0.647266 0.086806 0.042969 0.043056
1 0.928516 0.595139 0.141406 0.156944
3 0.464062 0.630556 0.254688 0.222222
0 0.709766 0.134722 0.007031 0.047222
3 0.485547 0.137500 0.128906 0.125000
1 0.216797 0.252083 0.074219 0.112500
1 0.623828 0.182639 0.083594 0.059722
3 0.609766 0.265972 0.141406 0.131944
3 0.486328 0.137500 0.130469 0.125000
3 0.249609 0.102083 0.071094 0.087500
1 0.139453 0.090278 0.024219 0.027778
1 0.045703 0.180556 0.038281 0.063889
