3 0.685547 0.128472 0.052344 0.059722
1 0.029297 0.321528 0.058594 0.093056
1 0.755078 0.082639 0.028906 0.034722
3 0.121484 0.065972 0.024219 0.026389
3 0.500391 0.120833 0.136719 0.097222
1 0.687891 0.075000 0.044531 0.038889
3 0.625000 0.066667 0.042188 0.047222
1 0.100391 0.178472 0.036719 0.054167
0 0.207422 0.150000 0.011719 0.036111
1 0.194531 0.070139 0.031250 0.034722
1 0.714453 0.249306 0.069531 0.087500
1 0.721484 0.090278 0.036719 0.041667
3 0.419141 0.378472 0.139844 0.120833
1 0.061328 0.837500 0.122656 0.227778
