1 0.828516 0.128472 0.032031 0.040278
1 0.880078 0.134028 0.024219 0.040278
1 0.104297 0.181944 0.036719 0.058333
1 0.699219 0.120139 0.050000 0.059722
1 0.930078 0.125694 0.016406 0.029167
1 0.036328 0.364583 0.072656 0.104167
3 0.078516 0.161806 0.032031 0.051389
1 0.914453 0.107639 0.016406 0.031944
2 0.346484 0.129167 0.199219 0.163889
2 0.019141 0.200000 0.038281 0.125000
1 0.620703 0.096528 0.044531 0.040278
1 0.664453 0.304861 0.089844 0.095833
1 0.376953 0.019444 0.058594 0.036111
3 0.805078 0.056944 0.022656 0.025000
0 0.941797 0.259028 0.010156 0.043056
1 0.079297 0.772917 0.158594 0.234722
