3 0.665234 0.104861 0.057031 0.059722
1 0.089844 0.315278 0.096875 0.116667
1 0.783984 0.065278 0.035156 0.050000
0 0.224219 0.147917 0.014063 0.045833
0 0.284375 0.127083 0.010937 0.045833
1 0.889453 0.129861 0.022656 0.034722
1 0.830859 0.172222 0.036719 0.050000
0 0.225000 0.147222 0.012500 0.041667
3 0.329297 0.068056 0.055469 0.041667
3 0.743359 0.166667 0.063281 0.069444
3 0.430078 0.124306 0.085156 0.070833
1 0.223828 0.209028 0.085156 0.076389
1 0.733984 0.086806 0.036719 0.037500
3 0.126172 0.556944 0.205469 0.241667
1 0.006250 0.547222 0.012500 0.094444
