1 0.150391 0.168056 0.039844 0.050000
1 0.300781 0.327778 0.100000 0.125000
3 0.598437 0.075694 0.039062 0.040278
3 0.191406 0.145139 0.046875 0.059722
3 0.701953 0.096528 0.047656 0.051389
1 0.150781 0.072917 0.021875 0.031944
3 0.125781 0.252083 0.087500 0.159722
3 0.382422 0.095833 0.072656 0.063889
1 0.495703 0.166667 0.072656 0.047222
3 0.515234 0.217361 0.107031 0.093056
1 0.880859 0.535417 0.149219 0.156944
1 0.066797 0.213194 0.036719 0.068056
2 0.250000 0.079861 0.065625 0.070833
1 0.709766 0.072222 0.035156 0.036111
