1 0.105078 0.181944 0.035156 0.055556
1 0.692578 0.122222 0.050781 0.058333
3 0.078906 0.161806 0.032813 0.054167
2 0.019141 0.200694 0.038281 0.123611
1 0.911328 0.115278 0.017969 0.027778
3 0.624609 0.086806 0.055469 0.059722
3 0.519141 0.100000 0.072656 0.058333
1 0.869922 0.138889 0.025781 0.041667
1 0.025000 0.527083 0.050000 0.101389
1 0.696484 0.201389 0.063281 0.075000
1 0.378125 0.019444 0.059375 0.033333
1 0.444531 0.150694 0.075000 0.059722
3 0.682031 0.059722 0.040625 0.041667
3 0.833203 0.126389 0.025781 0.033333
