0 0.727344 0.143750 0.007812 0.040278
1 0.156641 0.073611 0.025781 0.030556
1 0.173047 0.102083 0.032031 0.034722
1 0.046875 0.188194 0.032813 0.051389
1 0.666797 0.081944 0.039844 0.036111
1 0.951953 0.602083 0.094531 0.115278
1 0.501563 0.172222 0.026562 0.050000
3 0.098828 0.235417 0.055469 0.093056
3 0.585938 0.218750 0.181250 0.190278
1 0.919922 0.288889 0.099219 0.116667
0 0.741797 0.150694 0.010156 0.051389
1 0.120703 0.085417 0.019531 0.026389
1 0.268750 0.125694 0.048438 0.043056
3 0.919922 0.293056 0.099219 0.108333
