1 0.053906 0.285417 0.051562 0.101389
1 0.103516 0.247917 0.047656 0.070833
1 0.173437 0.220833 0.054688 0.077778
1 0.092188 0.172222 0.031250 0.041667
1 0.052344 0.141667 0.034375 0.036111
1 0.020703 0.151389 0.028906 0.033333
1 0.376172 0.018056 0.060156 0.033333
1 0.905078 0.120139 0.019531 0.031944
0 0.246484 0.045139 0.007031 0.026389
3 0.114062 0.079861 0.026562 0.034722
1 0.012500 0.216667 0.025000 0.055556
1 0.873047 0.320833 0.096094 0.088889
1 0.992969 0.100694 0.012500 0.043056
1 0.164062 0.063889 0.023438 0.022222
