3 0.697656 0.090278 0.042188 0.055556
1 0.533203 0.120833 0.058594 0.052778
1 0.046484 0.310417 0.092969 0.109722
1 0.783984 0.069444 0.027344 0.050000
1 0.812109 0.057639 0.022656 0.023611
0 0.169922 0.180556 0.011719 0.055556
1 0.883984 0.131944 0.022656 0.036111
0 0.943359 0.620833 0.033594 0.108333
1 0.925391 0.134722 0.019531 0.030556
3 0.846484 0.153472 0.041406 0.062500
1 0.125781 0.300000 0.095312 0.111111
1 0.812891 0.143056 0.035156 0.044444
0 0.090625 0.211806 0.017188 0.051389
0 0.896484 0.729861 0.035156 0.115278
1 0.305859 0.175000 0.082031 0.066667
0 0.159766 0.179167 0.010156 0.055556
1 0.422266 0.363889 0.121094 0.119444
1 0.662500 0.069444 0.037500 0.033333
0 0.893359 0.821528 0.042969 0.137500
3 0.676562 0.446528 0.123438 0.159722
1 0.074609 0.809028 0.149219 0.251389
1 0.378125 0.017361 0.059375 0.034722
