1 0.151172 0.169444 0.039844 0.050000
3 0.598047 0.077778 0.036719 0.038889
3 0.701953 0.096528 0.049219 0.054167
1 0.149609 0.124306 0.030469 0.034722
1 0.039844 0.376389 0.079687 0.116667
1 0.247656 0.123611 0.045312 0.044444
1 0.660156 0.072917 0.037500 0.048611
1 0.081250 0.126389 0.023438 0.038889
1 0.711328 0.072222 0.033594 0.036111
1 0.559766 0.397917 0.155469 0.115278
1 0.823828 0.056944 0.017969 0.022222
1 0.357422 0.101389 0.049219 0.047222
1 0.419141 0.070833 0.055469 0.038889
3 0.935547 0.583333 0.127344 0.188889
