3 0.905078 0.717361 0.185156 0.270833
1 0.483594 0.139583 0.070312 0.056944
1 0.101562 0.177778 0.035937 0.052778
1 0.541797 0.170833 0.060156 0.086111
3 0.792188 0.059722 0.021875 0.027778
1 0.769141 0.080556 0.028906 0.033333
1 0.693750 0.097917 0.039062 0.048611
1 0.666406 0.144444 0.048438 0.055556
1 0.791797 0.090278 0.027344 0.036111
3 0.905859 0.724306 0.186719 0.284722
1 0.134766 0.062500 0.019531 0.019444
1 0.660547 0.083333 0.036719 0.036111
1 0.046094 0.092361 0.014063 0.020833
1 0.526172 0.100000 0.055469 0.041667
1 0.682813 0.060417 0.035937 0.034722
