3 0.652344 0.111111 0.054688 0.058333
1 0.806250 0.056250 0.021875 0.023611
3 0.376563 0.018750 0.056250 0.034722
1 0.703125 0.097222 0.040625 0.038889
1 0.609766 0.054167 0.039844 0.030556
1 0.550391 0.058333 0.047656 0.036111
1 0.017188 0.225000 0.034375 0.069444
1 0.031641 0.329861 0.063281 0.090278
0 0.377734 0.065972 0.010156 0.040278
0 0.923828 0.246528 0.008594 0.043056
1 0.042188 0.182639 0.028125 0.045833
0 0.939844 0.245139 0.010937 0.076389
1 0.334766 0.186111 0.088281 0.088889
1 0.017578 0.110417 0.013281 0.023611
1 0.183203 0.387500 0.149219 0.150000
