1 0.151562 0.168750 0.037500 0.045833
3 0.106641 0.079167 0.019531 0.030556
3 0.598047 0.078472 0.038281 0.040278
3 0.701953 0.096528 0.047656 0.051389
1 0.150781 0.125694 0.023438 0.034722
1 0.343750 0.306250 0.129688 0.095833
1 0.164453 0.061111 0.025781 0.033333
1 0.660547 0.072917 0.038281 0.048611
1 0.080469 0.126389 0.018750 0.038889
3 0.201563 0.093056 0.057813 0.080556
1 0.833984 0.514583 0.155469 0.145833
1 0.848047 0.052083 0.014844 0.018056
1 0.610156 0.181944 0.081250 0.063889
1 0.423047 0.070833 0.053906 0.038889
