3 0.455469 0.119444 0.053125 0.055556
3 0.697656 0.097222 0.045312 0.052778
1 0.836719 0.054861 0.017188 0.020833
1 0.925391 0.106944 0.016406 0.025000
1 0.609766 0.077083 0.044531 0.043056
1 0.265234 0.076389 0.039844 0.027778
1 0.787109 0.072917 0.030469 0.040278
1 0.816016 0.059028 0.022656 0.023611
0 0.066406 0.225000 0.012500 0.047222
0 0.051562 0.243750 0.017188 0.054167
1 0.429297 0.482639 0.166406 0.159722
0 0.817578 0.918750 0.052344 0.156944
1 0.375000 0.740972 0.193750 0.262500
3 0.494531 0.131250 0.079687 0.068056
