3 0.653906 0.111111 0.056250 0.058333
1 0.833203 0.054167 0.019531 0.022222
0 0.435547 0.061806 0.007031 0.034722
3 0.377344 0.017361 0.059375 0.034722
1 0.706641 0.092361 0.042969 0.045833
1 0.262109 0.217361 0.096094 0.095833
1 0.622266 0.054167 0.038281 0.030556
1 0.562109 0.058333 0.046094 0.036111
1 0.016797 0.224306 0.033594 0.065278
1 0.383984 0.145833 0.072656 0.058333
0 0.386719 0.072917 0.010937 0.034722
0 0.929297 0.242361 0.010156 0.045833
3 0.882422 0.096528 0.019531 0.031944
2 0.377344 0.018750 0.057813 0.034722
1 0.033203 0.172917 0.027344 0.043056
1 0.544141 0.110417 0.058594 0.059722
1 0.008203 0.105556 0.014844 0.025000
1 0.160156 0.407639 0.154688 0.156944
