3 0.475391 0.125694 0.085156 0.065278
1 0.148828 0.166667 0.039844 0.050000
1 0.766797 0.052083 0.025781 0.023611
1 0.760938 0.862500 0.254688 0.272222
3 0.074219 0.071528 0.023438 0.031944
1 0.153125 0.292361 0.076563 0.118056
3 0.599219 0.076389 0.040625 0.041667
3 0.184375 0.140278 0.050000 0.058333
3 0.352344 0.343056 0.157812 0.222222
1 0.503125 0.865278 0.257812 0.266667
1 0.048828 0.197917 0.032031 0.051389
1 0.373047 0.131944 0.058594 0.047222
1 0.184766 0.138889 0.047656 0.061111
3 0.448047 0.183333 0.099219 0.083333
1 0.021875 0.157639 0.021875 0.037500
3 0.726562 0.084028 0.042188 0.056944
1 0.788281 0.305556 0.095312 0.094444
