0 0.489063 0.082639 0.007812 0.031944
1 0.067578 0.072917 0.021094 0.029167
3 0.520703 0.085417 0.008594 0.043056
1 0.635938 0.090278 0.045312 0.044444
1 0.110937 0.081944 0.018750 0.025000
0 0.526953 0.086111 0.013281 0.041667
1 0.087500 0.127083 0.026562 0.040278
1 0.196094 0.252083 0.060937 0.087500
3 0.023828 0.138194 0.047656 0.109722
3 0.294922 0.102083 0.058594 0.054167
1 0.598047 0.077778 0.044531 0.041667
1 0.479687 0.203472 0.076563 0.070833
3 0.023828 0.137500 0.047656 0.111111
1 0.905859 0.050694 0.011719 0.018056
1 0.727344 0.458333 0.156250 0.147222
