1 0.148438 0.167361 0.039062 0.045833
3 0.188672 0.143750 0.047656 0.054167
3 0.600000 0.074306 0.040625 0.040278
3 0.112109 0.080556 0.021094 0.030556
3 0.703516 0.095833 0.047656 0.047222
1 0.219922 0.065278 0.038281 0.044444
3 0.748437 0.756944 0.309375 0.472222
3 0.230859 0.109722 0.046094 0.050000
1 0.706641 0.436111 0.152344 0.141667
1 0.290625 0.436806 0.131250 0.179167
2 0.141406 0.062500 0.032813 0.047222
1 0.710156 0.071528 0.034375 0.034722
3 0.448828 0.122917 0.124219 0.120833
1 0.432031 0.183333 0.087500 0.072222
1 0.692578 0.217361 0.089844 0.070833
1 0.430469 0.182639 0.089063 0.073611
1 0.343359 0.084722 0.069531 0.058333
