1 0.151953 0.168750 0.038281 0.048611
3 0.598047 0.078472 0.036719 0.040278
3 0.701562 0.096528 0.048438 0.054167
1 0.505469 0.343056 0.134375 0.116667
1 0.660547 0.075694 0.039844 0.045833
1 0.165234 0.093750 0.028906 0.040278
1 0.081641 0.127083 0.019531 0.037500
1 0.314063 0.356250 0.112500 0.123611
1 0.710547 0.072222 0.032031 0.036111
3 0.339453 0.123611 0.105469 0.113889
3 0.461328 0.147222 0.088281 0.080556
1 0.893359 0.557639 0.153906 0.154167
1 0.786719 0.052778 0.020313 0.019444
1 0.167578 0.056250 0.021094 0.031944
