3 0.653125 0.111806 0.056250 0.059722
1 0.837891 0.052778 0.017969 0.022222
3 0.376172 0.018750 0.055469 0.037500
1 0.706641 0.093750 0.046094 0.048611
1 0.589063 0.056944 0.042188 0.033333
1 0.525391 0.061111 0.050781 0.038889
1 0.017578 0.225000 0.035156 0.069444
0 0.365234 0.061111 0.010156 0.038889
3 0.601172 0.096528 0.057031 0.051389
1 0.048828 0.190278 0.030469 0.047222
0 0.940234 0.220139 0.008594 0.040278
1 0.012109 0.109028 0.016406 0.020833
1 0.028906 0.120139 0.020313 0.026389
1 0.212891 0.362500 0.142969 0.141667
3 0.370312 0.175694 0.104688 0.087500
