1 0.155859 0.172222 0.039844 0.050000
3 0.598437 0.078472 0.039062 0.043056
3 0.701562 0.096528 0.046875 0.051389
1 0.153125 0.127778 0.028125 0.036111
1 0.661328 0.072222 0.035156 0.052778
1 0.141406 0.088889 0.021875 0.033333
1 0.082031 0.128472 0.023438 0.037500
1 0.708984 0.068750 0.035156 0.040278
1 0.062891 0.390972 0.108594 0.104167
1 0.798047 0.061111 0.021094 0.025000
1 0.357812 0.076389 0.050000 0.030556
3 0.640234 0.418750 0.192969 0.184722
1 0.376953 0.018056 0.058594 0.036111
1 0.473828 0.199306 0.096094 0.084722
