3 0.535156 0.181944 0.070312 0.094444
1 0.840234 0.070139 0.017969 0.023611
1 0.655078 0.107639 0.052344 0.056944
1 0.436719 0.067361 0.053125 0.037500
1 0.320312 0.070833 0.051562 0.041667
1 0.017188 0.225000 0.034375 0.066667
1 0.055859 0.196528 0.032031 0.048611
0 0.939453 0.255556 0.011719 0.052778
1 0.074219 0.153472 0.029687 0.043056
1 0.497656 0.130556 0.064062 0.052778
0 0.924609 0.243056 0.010156 0.047222
3 0.023828 0.343056 0.047656 0.133333
1 0.047266 0.139583 0.019531 0.023611
3 0.621484 0.202083 0.057031 0.095833
3 0.340625 0.157639 0.095312 0.081944
3 0.535156 0.181944 0.070312 0.094444
