1 0.619922 0.236111 0.050781 0.088889
1 0.282031 0.163889 0.034375 0.063889
1 0.152734 0.059028 0.019531 0.023611
1 0.015625 0.222222 0.031250 0.072222
1 0.053516 0.196528 0.030469 0.048611
1 0.101953 0.170139 0.036719 0.054167
0 0.926953 0.251389 0.008594 0.047222
1 0.076563 0.163889 0.020313 0.033333
3 0.557422 0.134722 0.074219 0.111111
1 0.283594 0.163194 0.034375 0.065278
1 0.017188 0.152083 0.020313 0.037500
1 0.302344 0.280556 0.085938 0.097222
1 0.867578 0.247917 0.064844 0.079167
1 0.144141 0.330556 0.094531 0.094444
0 0.940234 0.259028 0.010156 0.045833
1 0.051953 0.144444 0.024219 0.030556
1 0.215625 0.080556 0.042188 0.038889
