3 0.261328 0.186806 0.083594 0.062500
3 0.696484 0.097917 0.039844 0.051389
1 0.508594 0.105556 0.070312 0.055556
1 0.181250 0.065278 0.025000 0.030556
0 0.101172 0.204167 0.013281 0.052778
0 0.097266 0.220139 0.021094 0.051389
1 0.734766 0.247917 0.066406 0.076389
0 0.880078 0.782639 0.050781 0.145833
1 0.791406 0.291667 0.056250 0.091667
3 0.207031 0.252083 0.118750 0.112500
3 0.513672 0.396528 0.174219 0.190278
1 0.615234 0.090278 0.050781 0.058333
1 0.432422 0.363194 0.119531 0.109722
0 0.027344 0.251389 0.014063 0.050000
0 0.802734 0.971528 0.042969 0.054167
