1 0.353125 0.359722 0.117188 0.144444
3 0.182422 0.231944 0.063281 0.086111
2 0.087500 0.349306 0.137500 0.276389
1 0.146094 0.165972 0.039062 0.051389
1 0.780859 0.854861 0.216406 0.284722
1 0.082422 0.218750 0.046094 0.051389
3 0.062500 0.147917 0.026562 0.034722
1 0.751172 0.052083 0.017969 0.029167
1 0.099609 0.172917 0.036719 0.056944
3 0.423828 0.170139 0.097656 0.090278
1 0.039062 0.172917 0.028125 0.045833
1 0.012500 0.147917 0.020313 0.031944
3 0.523047 0.171528 0.102344 0.084722
3 0.462891 0.125694 0.071094 0.051389
1 0.946875 0.350000 0.076563 0.063889
