3 0.653516 0.112500 0.057031 0.058333
1 0.833984 0.054167 0.021094 0.022222
0 0.441016 0.072222 0.010156 0.050000
1 0.705078 0.095139 0.041406 0.043056
1 0.626172 0.054861 0.038281 0.029167
1 0.573047 0.055556 0.046094 0.038889
3 0.915234 0.130556 0.024219 0.036111
1 0.017188 0.225000 0.034375 0.069444
1 0.877734 0.104861 0.017969 0.026389
0 0.406641 0.089583 0.011719 0.045833
3 0.005859 0.373611 0.011719 0.075000
1 0.430078 0.155556 0.078906 0.066667
0 0.933984 0.221528 0.010156 0.043056
3 0.468359 0.332639 0.130469 0.120833
1 0.003906 0.132639 0.007812 0.029167
1 0.037891 0.512500 0.075781 0.125000
