3 0.597266 0.079167 0.035156 0.038889
3 0.700391 0.097222 0.046094 0.052778
1 0.855859 0.114583 0.022656 0.029167
1 0.423828 0.229167 0.107031 0.080556
1 0.660156 0.078472 0.040625 0.045833
1 0.280469 0.069444 0.039062 0.036111
1 0.075391 0.055556 0.013281 0.019444
1 0.703125 0.165972 0.075000 0.062500
1 0.126562 0.154861 0.034375 0.045833
1 0.809375 0.056250 0.018750 0.023611
3 0.884766 0.099306 0.019531 0.031944
1 0.611328 0.220833 0.103906 0.088889
1 0.378125 0.019444 0.057813 0.036111
1 0.013672 0.065278 0.019531 0.022222
1 0.064844 0.118750 0.021875 0.031944
1 0.850391 0.054167 0.019531 0.022222
1 0.967578 0.615972 0.063281 0.109722
