3 0.957422 0.804167 0.083594 0.219444
2 0.626953 0.863194 0.452344 0.262500
1 0.144531 0.163194 0.042188 0.048611
1 0.589453 0.720139 0.238281 0.245833
3 0.128906 0.193750 0.042188 0.065278
1 0.799609 0.068056 0.028906 0.038889
1 0.340234 0.355556 0.114844 0.141667
1 0.104297 0.252778 0.047656 0.072222
1 0.035547 0.177778 0.028906 0.044444
3 0.209766 0.081944 0.039844 0.041667
3 0.162500 0.088889 0.034375 0.044444
1 0.012500 0.143750 0.025000 0.040278
3 0.437109 0.117361 0.055469 0.043056
3 0.396484 0.167361 0.082031 0.073611
3 0.668750 0.068056 0.039062 0.055556
3 0.784766 0.291667 0.152344 0.133333
