0 0.752344 0.155556 0.009375 0.052778
1 0.176953 0.054861 0.022656 0.026389
1 0.523047 0.854861 0.278906 0.284722
1 0.030859 0.169444 0.028906 0.041667
3 0.958984 0.610417 0.080469 0.115278
1 0.149219 0.211111 0.051562 0.066667
1 0.678906 0.084722 0.039062 0.044444
1 0.958984 0.605556 0.078906 0.102778
0 0.669141 0.127778 0.010156 0.038889
1 0.701953 0.253472 0.075781 0.068056
3 0.807031 0.338889 0.225000 0.250000
3 0.082227 0.221667 0.078516 0.118333
1 0.060547 0.144444 0.027344 0.033333
1 0.149609 0.093056 0.025781 0.030556
3 0.567969 0.481944 0.229687 0.325000
1 0.362891 0.158333 0.066406 0.055556
