3 0.643359 0.153472 0.060156 0.070833
1 0.754687 0.086111 0.029687 0.030556
1 0.195703 0.218056 0.088281 0.097222
3 0.423047 0.129861 0.092969 0.070833
1 0.101562 0.177778 0.034375 0.050000
1 0.065625 0.061111 0.012500 0.019444
1 0.906641 0.112500 0.017969 0.030556
1 0.714453 0.092361 0.039844 0.043056
3 0.844141 0.122222 0.027344 0.033333
1 0.856641 0.160417 0.032031 0.045833
1 0.805859 0.058333 0.019531 0.022222
1 0.265234 0.077083 0.044531 0.026389
3 0.257422 0.229167 0.119531 0.105556
1 0.841016 0.077083 0.019531 0.026389
3 0.705859 0.190278 0.072656 0.075000
3 0.608984 0.333333 0.121094 0.127778
