1 0.297656 0.320139 0.100000 0.126389
3 0.162109 0.218056 0.057031 0.077778
2 0.073047 0.322917 0.119531 0.243056
1 0.145313 0.165278 0.039062 0.047222
1 0.593359 0.711806 0.236719 0.320833
1 0.073047 0.209028 0.042969 0.051389
3 0.060547 0.143056 0.025781 0.038889
1 0.058594 0.092361 0.018750 0.029167
1 0.756641 0.050694 0.024219 0.026389
1 0.092578 0.164583 0.036719 0.054167
3 0.475391 0.188889 0.111719 0.097222
1 0.036328 0.169444 0.027344 0.044444
1 0.010547 0.145139 0.021094 0.034722
3 0.576953 0.192361 0.113281 0.093056
3 0.577344 0.193056 0.110937 0.091667
