3 0.665234 0.106250 0.055469 0.054167
1 0.784375 0.065972 0.037500 0.054167
0 0.312109 0.112500 0.008594 0.036111
0 0.238672 0.141667 0.010156 0.036111
1 0.904297 0.117361 0.021094 0.031944
1 0.860547 0.149306 0.030469 0.043056
0 0.277734 0.120139 0.008594 0.043056
3 0.272266 0.068750 0.044531 0.037500
3 0.797266 0.140278 0.046094 0.058333
3 0.319922 0.165278 0.097656 0.080556
1 0.082812 0.290278 0.095312 0.094444
3 0.786719 0.065972 0.035937 0.054167
1 0.728516 0.090972 0.036719 0.034722
3 0.404297 0.364583 0.171094 0.170833
1 0.006641 0.547917 0.013281 0.098611
