1 0.101953 0.179861 0.039844 0.059722
1 0.632422 0.340972 0.086719 0.165278
1 0.019531 0.338194 0.039062 0.070833
3 0.076172 0.159722 0.032031 0.052778
2 0.016797 0.198611 0.033594 0.125000
1 0.921484 0.077778 0.014844 0.027778
1 0.071094 0.485417 0.134375 0.145833
3 0.300391 0.163194 0.121094 0.120833
1 0.489844 0.105556 0.062500 0.058333
3 0.119922 0.279861 0.116406 0.151389
1 0.632812 0.342361 0.087500 0.165278
1 0.116406 0.148611 0.031250 0.038889
3 0.708984 0.069444 0.038281 0.038889
3 0.578906 0.139583 0.070312 0.076389
3 0.816797 0.052083 0.021094 0.023611
