1 0.960156 0.786806 0.078125 0.162500
0 0.866797 0.215278 0.014844 0.052778
1 0.246875 0.272917 0.073438 0.101389
1 0.053906 0.190972 0.032813 0.054167
1 0.830859 0.055556 0.014844 0.019444
1 0.487891 0.872222 0.286719 0.252778
1 0.119141 0.263889 0.053906 0.077778
1 0.344531 0.155556 0.067187 0.055556
1 0.114453 0.181944 0.039844 0.052778
1 0.563281 0.159722 0.081250 0.058333
3 0.055469 0.306250 0.062500 0.112500
3 0.259375 0.404861 0.126562 0.156944
1 0.978516 0.856250 0.041406 0.115278
1 0.069531 0.152083 0.028125 0.037500
1 0.921484 0.447917 0.113281 0.106944
