3 0.503516 0.459028 0.166406 0.198611
2 0.363281 0.688194 0.512500 0.606944
1 0.146094 0.165972 0.037500 0.048611
1 0.221094 0.365278 0.096875 0.108333
3 0.092188 0.166667 0.035937 0.055556
1 0.817578 0.065972 0.027344 0.034722
1 0.187109 0.240278 0.061719 0.086111
1 0.067578 0.209028 0.035156 0.056944
1 0.024219 0.163194 0.023438 0.037500
3 0.290234 0.102083 0.057031 0.051389
3 0.290234 0.102083 0.060156 0.051389
1 0.008203 0.136111 0.016406 0.038889
3 0.614844 0.178472 0.081250 0.062500
3 0.633984 0.270139 0.117969 0.101389
3 0.702734 0.248611 0.122656 0.116667
