3 0.653125 0.111111 0.054688 0.058333
1 0.844922 0.052083 0.016406 0.020833
0 0.444141 0.072917 0.011719 0.051389
3 0.376953 0.017361 0.058594 0.034722
1 0.704688 0.094444 0.045312 0.044444
1 0.680078 0.075694 0.039844 0.040278
1 0.626172 0.053472 0.039844 0.029167
0 0.433203 0.065278 0.007031 0.033333
1 0.573828 0.055556 0.046094 0.038889
3 0.933203 0.110417 0.019531 0.043056
1 0.017188 0.225000 0.034375 0.069444
1 0.898047 0.094444 0.013281 0.019444
1 0.815234 0.054861 0.021094 0.023611
0 0.405078 0.086111 0.010156 0.038889
1 0.208203 0.253472 0.096094 0.090278
0 0.933203 0.225694 0.011719 0.045833
3 0.689844 0.200694 0.068750 0.076389
2 0.375781 0.018750 0.056250 0.034722
1 0.007812 0.142361 0.015625 0.034722
1 0.057031 0.509722 0.114062 0.172222
