3 0.697656 0.124306 0.051562 0.059722
1 0.078125 0.328472 0.095312 0.115278
1 0.248438 0.195139 0.082812 0.081944
1 0.755859 0.082639 0.030469 0.037500
3 0.155078 0.065972 0.028906 0.031944
1 0.249609 0.072222 0.046094 0.038889
3 0.582812 0.095833 0.103125 0.080556
1 0.655469 0.066667 0.039062 0.036111
3 0.710547 0.065972 0.036719 0.034722
1 0.101172 0.177778 0.035156 0.052778
1 0.531641 0.091667 0.033594 0.044444
1 0.246094 0.070833 0.050000 0.038889
1 0.565625 0.356250 0.114062 0.126389
1 0.722656 0.090278 0.035937 0.038889
