3 0.652734 0.111111 0.052344 0.058333
1 0.821484 0.055556 0.019531 0.019444
0 0.432422 0.057639 0.007031 0.031944
1 0.705859 0.092361 0.044531 0.045833
1 0.108594 0.301389 0.106250 0.116667
1 0.617578 0.054861 0.038281 0.029167
1 0.557422 0.056944 0.049219 0.038889
1 0.016797 0.224306 0.033594 0.065278
1 0.234766 0.206944 0.078906 0.072222
0 0.381641 0.071528 0.010156 0.037500
3 0.894922 0.092361 0.014844 0.023611
1 0.037891 0.177083 0.028906 0.045833
1 0.465234 0.135417 0.072656 0.073611
1 0.012109 0.106250 0.017969 0.029167
1 0.171875 0.397917 0.153125 0.151389
