0 0.562891 0.093750 0.010156 0.045833
3 0.610547 0.111806 0.008594 0.029167
1 0.480859 0.127083 0.064844 0.054167
1 0.643750 0.088194 0.043750 0.045833
1 0.523438 0.397917 0.162500 0.115278
1 0.323437 0.084722 0.057813 0.047222
3 0.147266 0.087500 0.044531 0.047222
3 0.210938 0.073611 0.050000 0.066667
3 0.918359 0.138194 0.025781 0.040278
1 0.905859 0.445139 0.121094 0.112500
3 0.398828 0.164583 0.102344 0.090278
1 0.047656 0.064583 0.023438 0.031944
1 0.794922 0.050694 0.019531 0.018056
1 0.958594 0.590972 0.081250 0.123611
