1 0.151172 0.169444 0.039844 0.050000
3 0.598047 0.077778 0.036719 0.038889
3 0.701953 0.097222 0.049219 0.052778
1 0.150391 0.125000 0.028906 0.036111
1 0.014844 0.389583 0.026562 0.090278
1 0.227344 0.113194 0.035937 0.048611
1 0.659766 0.074306 0.036719 0.045833
1 0.081250 0.126389 0.023438 0.038889
1 0.711328 0.071528 0.033594 0.034722
3 0.121875 0.072917 0.043750 0.051389
1 0.484766 0.377778 0.152344 0.111111
1 0.820703 0.056944 0.017969 0.022222
1 0.333203 0.094444 0.049219 0.038889
1 0.417578 0.069444 0.061719 0.041667
3 0.917578 0.561111 0.161719 0.191667
