1 0.221875 0.557639 0.140625 0.254167
1 0.248828 0.395139 0.100781 0.129167
1 0.424609 0.407639 0.136719 0.165278
1 0.163672 0.223611 0.052344 0.061111
0 0.926172 0.245833 0.013281 0.052778
1 0.076172 0.154167 0.027344 0.041667
1 0.020313 0.152083 0.021875 0.040278
1 0.033984 0.272222 0.041406 0.075000
1 0.574609 0.165972 0.078906 0.062500
1 0.221094 0.558333 0.140625 0.255556
1 0.819922 0.272917 0.094531 0.068056
1 0.034766 0.175000 0.025781 0.041667
1 0.922266 0.460417 0.133594 0.123611
1 0.107031 0.056944 0.017188 0.022222
