3 0.652344 0.111111 0.054688 0.058333
1 0.838672 0.051389 0.019531 0.025000
0 0.437891 0.061111 0.007031 0.036111
3 0.377734 0.017361 0.058594 0.034722
1 0.705859 0.095139 0.044531 0.043056
1 0.350781 0.179861 0.093750 0.084722
1 0.624609 0.054861 0.038281 0.029167
1 0.565234 0.058333 0.047656 0.036111
1 0.016797 0.223611 0.033594 0.066667
1 0.466016 0.118056 0.060156 0.047222
0 0.389062 0.072917 0.010937 0.034722
3 0.872266 0.101389 0.021094 0.033333
3 0.791406 0.057639 0.020313 0.029167
2 0.377344 0.018750 0.057813 0.034722
1 0.030078 0.169444 0.025781 0.041667
1 0.585938 0.097222 0.056250 0.055556
1 0.006641 0.102778 0.013281 0.025000
1 0.149219 0.415972 0.153125 0.154167
