1 0.150781 0.169444 0.039062 0.050000
3 0.597656 0.077778 0.034375 0.038889
3 0.701172 0.096528 0.049219 0.054167
1 0.144922 0.125000 0.025781 0.036111
1 0.595703 0.381944 0.144531 0.127778
1 0.421875 0.072222 0.053125 0.036111
1 0.336719 0.087500 0.048438 0.041667
1 0.660547 0.072917 0.038281 0.051389
1 0.530078 0.134722 0.067969 0.041667
3 0.178516 0.084028 0.055469 0.065278
1 0.084766 0.125000 0.032031 0.041667
1 0.048828 0.186111 0.032031 0.050000
1 0.035156 0.240972 0.043750 0.093056
1 0.709766 0.073611 0.033594 0.038889
