1 0.151172 0.169444 0.039844 0.050000
3 0.069531 0.075694 0.018750 0.026389
3 0.598047 0.077778 0.036719 0.038889
3 0.701953 0.096528 0.047656 0.051389
1 0.147656 0.124306 0.032813 0.034722
1 0.076953 0.354167 0.103906 0.113889
1 0.659766 0.075694 0.038281 0.048611
1 0.081641 0.126389 0.022656 0.038889
1 0.711328 0.072222 0.032031 0.033333
1 0.618359 0.415278 0.157031 0.119444
1 0.828516 0.056250 0.016406 0.020833
1 0.379297 0.106250 0.055469 0.045833
1 0.421875 0.070139 0.056250 0.040278
3 0.948047 0.580556 0.096094 0.152778
1 0.269922 0.127778 0.055469 0.052778
