3 0.651953 0.111111 0.052344 0.061111
1 0.820703 0.054861 0.019531 0.020833
0 0.432031 0.056944 0.006250 0.030556
1 0.705078 0.093056 0.044531 0.044444
1 0.097266 0.308333 0.105469 0.119444
1 0.616797 0.055556 0.039844 0.030556
1 0.556641 0.057639 0.049219 0.037500
1 0.016797 0.224306 0.033594 0.065278
1 0.223438 0.211111 0.081250 0.075000
0 0.381641 0.071528 0.011719 0.037500
3 0.895703 0.091667 0.014844 0.025000
1 0.037891 0.177778 0.027344 0.044444
1 0.458984 0.137500 0.074219 0.072222
1 0.012109 0.106944 0.017969 0.027778
1 0.173047 0.397222 0.152344 0.150000
