0 0.726953 0.146528 0.008594 0.040278
1 0.157422 0.074306 0.024219 0.029167
1 0.177344 0.102083 0.032813 0.037500
1 0.045703 0.186806 0.030469 0.048611
1 0.666797 0.081250 0.039844 0.034722
1 0.952734 0.600694 0.092969 0.109722
1 0.509375 0.176389 0.026562 0.050000
3 0.124063 0.263958 0.109062 0.152917
3 0.595703 0.222222 0.186719 0.191667
1 0.921484 0.291667 0.097656 0.113889
0 0.742188 0.151389 0.010937 0.050000
3 0.594922 0.222917 0.186719 0.190278
0 0.637891 0.025000 0.008594 0.038889
1 0.232813 0.279861 0.076563 0.093056
1 0.122266 0.085417 0.019531 0.026389
1 0.275000 0.127083 0.045312 0.043056
3 0.922266 0.287500 0.097656 0.119444
