1 0.919922 0.109028 0.016406 0.026389
1 0.105859 0.181944 0.035156 0.055556
1 0.689453 0.125694 0.050781 0.062500
1 0.717578 0.061806 0.016406 0.023611
3 0.079687 0.161806 0.032813 0.054167
2 0.018750 0.199306 0.037500 0.123611
3 0.008984 0.380556 0.017969 0.083333
3 0.550391 0.105556 0.072656 0.077778
3 0.455078 0.116667 0.085156 0.066667
1 0.887891 0.125000 0.022656 0.036111
3 0.065234 0.298611 0.111719 0.119444
1 0.031250 0.515278 0.062500 0.091667
1 0.766797 0.160417 0.042969 0.059722
1 0.317188 0.202083 0.089063 0.073611
3 0.653516 0.065278 0.044531 0.041667
3 0.856641 0.115278 0.022656 0.027778
