3 0.638672 0.158333 0.058594 0.072222
1 0.753516 0.077778 0.032031 0.047222
1 0.105859 0.268750 0.091406 0.106944
3 0.355078 0.156250 0.105469 0.079167
1 0.101562 0.177778 0.034375 0.050000
1 0.057422 0.059028 0.014844 0.020833
1 0.914453 0.109722 0.019531 0.027778
1 0.712891 0.093056 0.039844 0.041667
3 0.858203 0.113889 0.022656 0.030556
1 0.873047 0.148611 0.025781 0.038889
1 0.800000 0.059722 0.020313 0.025000
1 0.835938 0.081250 0.021875 0.026389
1 0.239453 0.076389 0.033594 0.027778
3 0.153125 0.286111 0.125000 0.122222
1 0.831641 0.081250 0.021094 0.026389
3 0.752734 0.165278 0.055469 0.066667
1 0.105859 0.268056 0.091406 0.108333
