0 0.564844 0.093750 0.009375 0.045833
3 0.612500 0.108333 0.012500 0.038889
1 0.496484 0.133333 0.069531 0.058333
1 0.643750 0.088194 0.042188 0.043056
1 0.550000 0.403472 0.162500 0.118056
1 0.332031 0.086806 0.060937 0.048611
3 0.153125 0.090278 0.043750 0.038889
3 0.217188 0.075000 0.053125 0.066667
3 0.916797 0.140278 0.024219 0.038889
1 0.932422 0.461806 0.116406 0.118056
3 0.419922 0.171528 0.108594 0.093056
1 0.049219 0.064583 0.025000 0.029167
1 0.800781 0.050694 0.021875 0.015278
1 0.966016 0.596528 0.066406 0.109722
1 0.852734 0.882639 0.138281 0.231944
