1 0.916016 0.790972 0.164844 0.220833
0 0.869922 0.220139 0.016406 0.054167
1 0.226172 0.256250 0.067969 0.093056
1 0.052344 0.186806 0.032813 0.054167
1 0.835547 0.052778 0.019531 0.022222
1 0.412500 0.833333 0.257812 0.327778
1 0.111328 0.256250 0.052344 0.076389
1 0.363281 0.161111 0.071875 0.061111
1 0.109375 0.177778 0.039062 0.050000
1 0.587500 0.170139 0.084375 0.062500
3 0.050000 0.293056 0.056250 0.111111
3 0.235156 0.381944 0.114062 0.144444
1 0.834766 0.052778 0.019531 0.022222
1 0.067187 0.150000 0.028125 0.038889
