3 0.694922 0.097917 0.046094 0.043056
1 0.354687 0.186806 0.084375 0.073611
1 0.783594 0.068750 0.028125 0.048611
1 0.807813 0.058333 0.020313 0.027778
0 0.193359 0.171528 0.011719 0.051389
1 0.905859 0.113889 0.017969 0.027778
0 0.951953 0.577083 0.028906 0.109722
3 0.882422 0.128472 0.030469 0.048611
1 0.854297 0.118750 0.024219 0.031944
0 0.116406 0.197222 0.010937 0.047222
0 0.913672 0.676389 0.036719 0.113889
1 0.094531 0.281250 0.089063 0.093056
0 0.181250 0.166667 0.012500 0.052778
1 0.630469 0.234722 0.075000 0.083333
1 0.614844 0.077778 0.042188 0.036111
0 0.916016 0.746528 0.036719 0.137500
1 0.638672 0.090972 0.044531 0.040278
3 0.816016 0.275694 0.055469 0.090278
1 0.396875 0.520833 0.196875 0.191667
1 0.378125 0.019444 0.057813 0.033333
1 0.003906 0.554167 0.007812 0.077778
