1 0.806641 0.179861 0.041406 0.054167
3 0.598047 0.079167 0.036719 0.041667
3 0.701172 0.096528 0.049219 0.054167
1 0.741016 0.165972 0.052344 0.056944
1 0.141797 0.159722 0.038281 0.052778
1 0.660547 0.081250 0.039844 0.045833
1 0.409766 0.068750 0.053906 0.045833
1 0.126172 0.059722 0.017969 0.027778
1 0.340625 0.171528 0.096875 0.070833
1 0.078516 0.124306 0.027344 0.037500
1 0.832422 0.054167 0.017969 0.025000
1 0.352344 0.387500 0.157812 0.130556
0 0.802344 0.025000 0.007812 0.038889
3 0.813672 0.138194 0.039844 0.054167
