1 0.149219 0.164583 0.032813 0.045833
3 0.362109 0.348611 0.114844 0.133333
1 0.764062 0.074306 0.034375 0.051389
1 0.366797 0.531250 0.155469 0.195833
1 0.096484 0.249306 0.050781 0.073611
3 0.124609 0.069444 0.024219 0.033333
1 0.039453 0.174306 0.032031 0.054167
3 0.239844 0.087500 0.043750 0.050000
3 0.090234 0.157639 0.041406 0.076389
1 0.023047 0.234722 0.033594 0.066667
1 0.010937 0.146528 0.021875 0.034722
1 0.014063 0.493750 0.028125 0.154167
1 0.902734 0.382639 0.078906 0.076389
3 0.379297 0.120833 0.092969 0.069444
