3 0.633984 0.161111 0.060156 0.077778
1 0.753125 0.079167 0.028125 0.041667
1 0.060937 0.297222 0.085938 0.108333
3 0.321484 0.168056 0.108594 0.086111
1 0.101562 0.177778 0.034375 0.050000
1 0.055078 0.058333 0.014844 0.019444
1 0.916016 0.106944 0.017969 0.027778
1 0.712891 0.092361 0.042969 0.045833
3 0.863672 0.111111 0.024219 0.030556
1 0.879297 0.144444 0.024219 0.036111
1 0.796875 0.059028 0.021875 0.026389
1 0.827734 0.081944 0.021094 0.027778
3 0.099219 0.315972 0.132812 0.134722
1 0.827344 0.082639 0.021875 0.029167
3 0.768359 0.156944 0.049219 0.061111
1 0.061719 0.300000 0.085938 0.116667
