3 0.704688 0.088889 0.039062 0.052778
1 0.550781 0.115972 0.054688 0.051389
1 0.079687 0.288889 0.093750 0.111111
1 0.783203 0.069444 0.028906 0.050000
1 0.813672 0.056944 0.022656 0.025000
0 0.166016 0.182639 0.010156 0.054167
1 0.880078 0.135417 0.024219 0.037500
0 0.943359 0.620833 0.033594 0.116667
1 0.922266 0.136806 0.019531 0.034722
3 0.840234 0.157639 0.042969 0.062500
1 0.169531 0.275000 0.092188 0.108333
1 0.803125 0.147917 0.035937 0.045833
0 0.090234 0.215278 0.017969 0.050000
0 0.891797 0.744444 0.038281 0.108333
1 0.332422 0.165278 0.082031 0.063889
0 0.157031 0.180556 0.009375 0.052778
1 0.382031 0.389583 0.128125 0.129167
1 0.667188 0.068056 0.035937 0.030556
0 0.884766 0.838194 0.052344 0.134722
3 0.639062 0.494444 0.142187 0.183333
1 0.047656 0.826389 0.095312 0.194444
