1 0.529297 0.495833 0.149219 0.158333
0 0.887109 0.228472 0.011719 0.051389
1 0.153125 0.204861 0.045312 0.065278
1 0.040234 0.173611 0.028906 0.052778
1 0.177734 0.513889 0.117969 0.183333
1 0.311328 0.090972 0.042969 0.034722
1 0.077734 0.221528 0.041406 0.062500
1 0.489453 0.213889 0.092969 0.075000
1 0.086328 0.159722 0.032031 0.044444
1 0.729688 0.234722 0.096875 0.075000
3 0.026562 0.249306 0.045312 0.081944
3 0.150000 0.296528 0.076563 0.106944
1 0.850391 0.053472 0.014844 0.018056
1 0.055469 0.144444 0.023438 0.030556
