1 0.781641 0.153472 0.041406 0.048611
1 0.846484 0.159722 0.033594 0.055556
1 0.104688 0.181944 0.035937 0.058333
1 0.699609 0.120139 0.049219 0.056944
1 0.044141 0.310417 0.088281 0.104167
1 0.915234 0.138889 0.021094 0.038889
1 0.277344 0.221528 0.096875 0.081944
3 0.079297 0.161806 0.033594 0.054167
1 0.896484 0.122222 0.019531 0.033333
2 0.471875 0.093056 0.156250 0.119444
2 0.018750 0.200000 0.037500 0.125000
3 0.667578 0.211111 0.069531 0.091667
1 0.671875 0.081944 0.039062 0.038889
1 0.438672 0.486111 0.166406 0.158333
1 0.376953 0.017361 0.057031 0.034722
3 0.811328 0.056250 0.019531 0.020833
3 0.826953 0.045139 0.049219 0.040278
