3 0.653516 0.112500 0.057031 0.058333
1 0.834766 0.054167 0.021094 0.022222
0 0.439844 0.074306 0.010937 0.048611
1 0.705078 0.094444 0.041406 0.044444
1 0.626172 0.055556 0.039844 0.030556
1 0.573828 0.055556 0.044531 0.036111
3 0.914453 0.131944 0.025781 0.038889
1 0.017188 0.224306 0.034375 0.070833
1 0.876172 0.104861 0.019531 0.029167
0 0.407422 0.088194 0.008594 0.045833
3 0.012500 0.375694 0.025000 0.095833
1 0.437891 0.152778 0.075781 0.063889
0 0.933984 0.220833 0.011719 0.044444
3 0.454297 0.341667 0.133594 0.125000
2 0.377344 0.018750 0.057813 0.034722
1 0.037500 0.513194 0.075000 0.126389
