3 0.841016 0.286111 0.116406 0.108333
1 0.150391 0.166667 0.033594 0.047222
3 0.560547 0.487500 0.163281 0.194444
1 0.753516 0.083333 0.039844 0.041667
1 0.616797 0.765972 0.232031 0.287500
1 0.137109 0.291667 0.063281 0.088889
3 0.109375 0.066667 0.021875 0.025000
1 0.051562 0.187500 0.037500 0.063889
3 0.608984 0.077083 0.033594 0.034722
3 0.201172 0.079167 0.036719 0.047222
3 0.172266 0.134722 0.042969 0.058333
3 0.113672 0.172917 0.050781 0.090278
1 0.045703 0.277778 0.042969 0.086111
1 0.016406 0.154167 0.021875 0.036111
1 0.768359 0.303472 0.103906 0.087500
1 0.173047 0.134722 0.042969 0.055556
3 0.309375 0.102778 0.075000 0.061111
