0 0.533984 0.088889 0.008594 0.044444
1 0.173437 0.091667 0.032813 0.041667
3 0.574609 0.098611 0.010156 0.041667
1 0.255078 0.076389 0.035156 0.033333
1 0.643359 0.088889 0.041406 0.041667
1 0.015625 0.426389 0.031250 0.083333
3 0.072266 0.070139 0.036719 0.034722
3 0.942578 0.117361 0.016406 0.029167
3 0.123438 0.062500 0.031250 0.044444
1 0.716797 0.056250 0.025781 0.034722
1 0.340234 0.154167 0.063281 0.050000
0 0.592969 0.099306 0.009375 0.045833
1 0.020703 0.117361 0.022656 0.029167
1 0.772266 0.482639 0.158594 0.151389
