3 0.426172 0.127083 0.053906 0.062500
3 0.698828 0.097917 0.047656 0.051389
1 0.377734 0.019444 0.058594 0.033333
1 0.929297 0.104861 0.014844 0.026389
1 0.596484 0.079861 0.046094 0.045833
1 0.785547 0.072917 0.028906 0.043056
1 0.815234 0.059028 0.024219 0.023611
0 0.071094 0.222222 0.010937 0.052778
0 0.058984 0.237500 0.013281 0.050000
1 0.508594 0.418750 0.140625 0.131944
0 0.828516 0.896528 0.050781 0.173611
1 0.497656 0.611111 0.159375 0.216667
3 0.488281 0.133333 0.150000 0.097222
3 0.061328 0.748611 0.122656 0.275000
