3 0.505859 0.230556 0.071094 0.111111
1 0.826953 0.077083 0.021094 0.029167
1 0.627734 0.115972 0.053906 0.062500
1 0.388281 0.068750 0.054688 0.037500
1 0.284766 0.069444 0.041406 0.036111
1 0.016797 0.224306 0.033594 0.065278
1 0.055859 0.195833 0.032031 0.052778
1 0.080859 0.156944 0.033594 0.047222
1 0.332422 0.192361 0.082031 0.070833
1 0.053125 0.144444 0.023438 0.027778
3 0.626172 0.271528 0.061719 0.120833
3 0.096875 0.280556 0.106250 0.108333
3 0.505859 0.231944 0.071094 0.111111
1 0.279297 0.305556 0.122656 0.122222
