1 0.671094 0.147917 0.046875 0.056944
1 0.188672 0.061806 0.027344 0.029167
1 0.139844 0.056944 0.020313 0.025000
1 0.016016 0.222222 0.032031 0.069444
1 0.053125 0.195139 0.031250 0.054167
1 0.101172 0.170139 0.038281 0.054167
1 0.073828 0.161111 0.022656 0.036111
3 0.622266 0.102778 0.067969 0.088889
1 0.244531 0.242361 0.073438 0.084722
1 0.011719 0.145139 0.018750 0.029167
1 0.162891 0.412500 0.114844 0.130556
1 0.933203 0.305556 0.077344 0.075000
0 0.958203 0.226389 0.011719 0.055556
1 0.016406 0.457639 0.032813 0.073611
1 0.304297 0.104167 0.052344 0.055556
