1 0.150000 0.168750 0.040625 0.048611
1 0.310937 0.336111 0.103125 0.127778
3 0.598828 0.075694 0.038281 0.040278
3 0.207813 0.107639 0.035937 0.043056
3 0.190625 0.149306 0.048438 0.051389
3 0.701953 0.097222 0.049219 0.052778
1 0.149609 0.072222 0.022656 0.033333
3 0.129297 0.254167 0.091406 0.163889
3 0.378516 0.095139 0.069531 0.062500
1 0.486719 0.162500 0.075000 0.047222
3 0.506641 0.213194 0.105469 0.090278
1 0.876953 0.534028 0.150781 0.156944
1 0.068359 0.214583 0.036719 0.068056
2 0.246484 0.079861 0.061719 0.070833
1 0.710156 0.072222 0.032813 0.036111
1 0.574609 0.060417 0.036719 0.031944
