1 0.636719 0.214583 0.085938 0.065278
3 0.598047 0.079167 0.038281 0.044444
3 0.701172 0.090972 0.049219 0.065278
1 0.515625 0.178472 0.087500 0.065278
1 0.112109 0.147222 0.033594 0.038889
1 0.660547 0.078472 0.041406 0.048611
1 0.039062 0.065278 0.032813 0.030556
1 0.455078 0.065278 0.052344 0.044444
1 0.168750 0.064583 0.023438 0.029167
1 0.216016 0.154167 0.052344 0.061111
1 0.061719 0.118750 0.023438 0.029167
1 0.846484 0.053472 0.016406 0.020833
1 0.808203 0.517361 0.163281 0.162500
0 0.802344 0.025694 0.009375 0.040278
