3 0.693750 0.097222 0.035937 0.047222
1 0.595703 0.101389 0.047656 0.044444
1 0.173828 0.235417 0.089844 0.093056
1 0.815234 0.056944 0.021094 0.022222
0 0.155469 0.187500 0.012500 0.055556
1 0.867578 0.144444 0.027344 0.041667
0 0.937891 0.647222 0.032031 0.130556
1 0.912891 0.148611 0.021094 0.038889
3 0.816797 0.175000 0.049219 0.072222
1 0.287109 0.214583 0.086719 0.090278
1 0.774609 0.162500 0.039844 0.050000
0 0.079297 0.220139 0.017969 0.048611
0 0.885547 0.770833 0.036719 0.100000
1 0.403516 0.138889 0.075781 0.061111
0 0.146875 0.186111 0.010937 0.058333
1 0.250000 0.481250 0.140625 0.151389
1 0.681641 0.065972 0.035156 0.029167
0 0.872266 0.877083 0.044531 0.129167
