3 0.652734 0.111111 0.057031 0.061111
1 0.841797 0.052778 0.017969 0.022222
3 0.376172 0.019444 0.055469 0.036111
1 0.706641 0.093750 0.046094 0.048611
1 0.593359 0.056250 0.042969 0.031944
1 0.529297 0.061111 0.050781 0.038889
1 0.017578 0.225000 0.035156 0.069444
0 0.366406 0.055556 0.012500 0.041667
3 0.624609 0.090278 0.047656 0.047222
1 0.047266 0.188194 0.030469 0.045833
0 0.940234 0.220139 0.008594 0.040278
1 0.010547 0.108333 0.014844 0.022222
1 0.028906 0.120139 0.023438 0.029167
1 0.901953 0.045833 0.013281 0.019444
1 0.208984 0.365972 0.142969 0.140278
3 0.420312 0.154167 0.095312 0.083333
