1 0.151562 0.168750 0.039062 0.051389
3 0.137109 0.087500 0.022656 0.036111
3 0.598047 0.077083 0.036719 0.040278
3 0.701953 0.096528 0.049219 0.054167
1 0.150781 0.126389 0.026562 0.030556
1 0.461328 0.328472 0.128906 0.109722
1 0.185156 0.065278 0.023438 0.030556
1 0.659766 0.075000 0.038281 0.047222
1 0.081250 0.126389 0.020313 0.038889
1 0.590625 0.567361 0.193750 0.218056
3 0.269141 0.101389 0.080469 0.097222
3 0.352344 0.112500 0.067187 0.066667
1 0.869922 0.539583 0.157031 0.154167
1 0.162891 0.056944 0.021094 0.025000
1 0.799219 0.274306 0.090625 0.079167
