1 0.150781 0.169444 0.039062 0.050000
3 0.192188 0.152083 0.045312 0.043056
3 0.538281 0.629861 0.268750 0.390278
3 0.078516 0.095139 0.025781 0.029167
3 0.701953 0.096528 0.047656 0.051389
1 0.138672 0.122222 0.027344 0.036111
1 0.595703 0.382639 0.144531 0.126389
1 0.423828 0.071528 0.055469 0.037500
1 0.721484 0.227083 0.082031 0.076389
3 0.269531 0.107639 0.084375 0.095833
1 0.078906 0.127083 0.020313 0.034722
1 0.021484 0.156250 0.024219 0.037500
1 0.009375 0.188889 0.018750 0.063889
1 0.005859 0.105556 0.011719 0.022222
