1 0.786719 0.150694 0.039062 0.045833
1 0.849609 0.157639 0.033594 0.054167
1 0.105078 0.181944 0.036719 0.058333
1 0.699609 0.119444 0.050781 0.061111
1 0.034375 0.320833 0.068750 0.105556
1 0.916797 0.138889 0.021094 0.036111
1 0.259375 0.229861 0.095312 0.081944
3 0.079297 0.161806 0.032031 0.054167
1 0.898828 0.119444 0.021094 0.033333
2 0.462109 0.095139 0.160156 0.123611
2 0.019141 0.199306 0.038281 0.123611
3 0.678516 0.205556 0.066406 0.088889
1 0.668750 0.083333 0.040625 0.038889
1 0.462891 0.465972 0.157031 0.151389
1 0.376953 0.018056 0.057031 0.036111
3 0.810547 0.056250 0.021094 0.023611
