1 0.102734 0.179167 0.038281 0.058333
1 0.682422 0.126389 0.055469 0.066667
1 0.680859 0.063889 0.035156 0.033333
3 0.076563 0.161806 0.031250 0.051389
2 0.017188 0.196528 0.034375 0.120833
1 0.934766 0.097222 0.016406 0.022222
3 0.346094 0.172222 0.112500 0.119444
3 0.286328 0.170139 0.064844 0.079167
1 0.913672 0.106944 0.019531 0.030556
1 0.035937 0.513889 0.071875 0.108333
1 0.838672 0.121528 0.028906 0.040278
1 0.032031 0.363889 0.064062 0.094444
3 0.591797 0.075694 0.057031 0.051389
3 0.608203 0.250000 0.110156 0.111111
3 0.886328 0.096528 0.016406 0.023611
