3 0.569922 0.571528 0.161719 0.281944
1 0.776563 0.097917 0.031250 0.037500
1 0.529687 0.184722 0.067187 0.100000
1 0.269141 0.071528 0.038281 0.031944
1 0.207422 0.063194 0.028906 0.031944
1 0.017578 0.224306 0.035156 0.068056
1 0.055859 0.196528 0.032031 0.051389
0 0.939453 0.257639 0.011719 0.054167
1 0.097266 0.165972 0.035156 0.051389
0 0.924609 0.245833 0.011719 0.050000
1 0.067969 0.154167 0.026562 0.038889
3 0.908203 0.719444 0.182031 0.247222
3 0.698828 0.085417 0.052344 0.068056
1 0.908203 0.764583 0.180469 0.334722
1 0.057813 0.424306 0.115625 0.129167
2 0.377344 0.017361 0.060937 0.034722
0 0.323047 0.052083 0.007031 0.029167
1 0.976953 0.820833 0.044531 0.225000
1 0.358203 0.214583 0.071094 0.098611
