1 0.150781 0.170833 0.039062 0.047222
3 0.665625 0.291667 0.126562 0.102778
3 0.126953 0.059028 0.017969 0.026389
3 0.255469 0.074306 0.040625 0.043056
3 0.047656 0.134028 0.023438 0.040278
3 0.598047 0.078472 0.036719 0.040278
3 0.192188 0.150000 0.045312 0.047222
3 0.903516 0.881250 0.191406 0.234722
1 0.207422 0.375694 0.094531 0.120833
1 0.069531 0.215972 0.039062 0.062500
3 0.708203 0.095833 0.044531 0.050000
1 0.387500 0.129167 0.056250 0.055556
1 0.576172 0.161111 0.094531 0.077778
3 0.014844 0.138889 0.029687 0.069444
1 0.099219 0.177778 0.037500 0.050000
1 0.077344 0.061111 0.015625 0.025000
3 0.796484 0.285417 0.147656 0.184722
