3 0.666016 0.106250 0.055469 0.056944
1 0.347266 0.184722 0.085156 0.077778
0 0.277734 0.131250 0.008594 0.048611
0 0.201563 0.154861 0.012500 0.043056
0 0.262109 0.133333 0.013281 0.047222
1 0.882422 0.098611 0.019531 0.027778
1 0.082812 0.290278 0.090625 0.094444
1 0.863672 0.152083 0.032031 0.045833
1 0.767969 0.219444 0.051562 0.063889
3 0.428125 0.064583 0.067187 0.043056
3 0.627344 0.227778 0.101562 0.102778
3 0.543750 0.090278 0.064062 0.055556
1 0.783203 0.059028 0.036719 0.065278
1 0.394531 0.138194 0.075000 0.054167
0 0.249609 0.129861 0.013281 0.048611
3 0.711719 0.072917 0.028125 0.034722
1 0.005859 0.547917 0.011719 0.098611
