1 0.577734 0.713194 0.216406 0.270833
1 0.927344 0.755556 0.143750 0.186111
1 0.277734 0.309722 0.085156 0.094444
0 0.911328 0.238194 0.013281 0.051389
1 0.102344 0.173611 0.034375 0.050000
1 0.027344 0.159722 0.026562 0.047222
1 0.076563 0.350000 0.062500 0.100000
1 0.419922 0.118750 0.063281 0.040278
1 0.604297 0.174306 0.085156 0.070833
1 0.050000 0.192361 0.031250 0.048611
1 0.695703 0.320139 0.119531 0.098611
1 0.066406 0.148611 0.026562 0.038889
1 0.922266 0.340972 0.092969 0.076389
1 0.978125 0.834028 0.042188 0.173611
