3 0.478516 0.112500 0.052344 0.052778
3 0.697266 0.100694 0.042969 0.051389
1 0.836328 0.055556 0.019531 0.022222
1 0.378125 0.019444 0.059375 0.033333
1 0.920703 0.108333 0.016406 0.027778
1 0.621484 0.075000 0.044531 0.041667
1 0.284375 0.075694 0.045312 0.034722
1 0.787891 0.070833 0.032031 0.041667
1 0.816016 0.059028 0.021094 0.023611
0 0.059375 0.227778 0.012500 0.047222
0 0.047266 0.249306 0.017969 0.054167
1 0.350391 0.546528 0.183594 0.184722
0 0.798438 0.934722 0.057813 0.127778
1 0.254297 0.859028 0.214844 0.273611
