3 0.653516 0.110417 0.055469 0.059722
1 0.843359 0.053472 0.016406 0.018056
0 0.432422 0.081250 0.010156 0.037500
3 0.376172 0.017361 0.057031 0.034722
1 0.632422 0.054167 0.027344 0.027778
1 0.707422 0.090278 0.042969 0.044444
1 0.617578 0.055556 0.021094 0.025000
0 0.444141 0.073611 0.008594 0.038889
1 0.573047 0.056250 0.046094 0.037500
3 0.898828 0.143750 0.028906 0.045833
1 0.017188 0.224306 0.034375 0.076389
1 0.857422 0.115278 0.021094 0.030556
1 0.803906 0.056944 0.021875 0.025000
0 0.402344 0.091667 0.010937 0.041667
3 0.151562 0.282639 0.123438 0.123611
1 0.537109 0.116667 0.061719 0.052778
0 0.936328 0.218750 0.008594 0.043056
3 0.164062 0.536111 0.176563 0.186111
3 0.947266 0.104861 0.016406 0.031944
1 0.026172 0.522222 0.052344 0.105556
