3 0.644922 0.153472 0.058594 0.068056
1 0.753516 0.086806 0.030469 0.029167
1 0.216406 0.206250 0.085938 0.095833
3 0.440625 0.125694 0.090625 0.068056
1 0.101562 0.177778 0.034375 0.050000
1 0.067578 0.061806 0.013281 0.018056
1 0.905078 0.113889 0.019531 0.033333
1 0.716016 0.092361 0.039844 0.043056
3 0.840234 0.125000 0.028906 0.036111
1 0.851953 0.165972 0.030469 0.043056
1 0.806641 0.057639 0.017969 0.020833
1 0.274609 0.077778 0.047656 0.025000
3 0.283984 0.216667 0.117969 0.102778
1 0.843359 0.077778 0.019531 0.025000
3 0.691016 0.196528 0.075781 0.079167
3 0.589453 0.347222 0.125781 0.130556
