3 0.672266 0.104861 0.055469 0.051389
1 0.507812 0.118056 0.064062 0.072222
1 0.783203 0.068750 0.032031 0.045833
0 0.258984 0.140972 0.013281 0.043056
0 0.182031 0.162500 0.009375 0.038889
0 0.248438 0.138194 0.012500 0.045833
1 0.856641 0.109722 0.022656 0.033333
1 0.271484 0.190278 0.080469 0.069444
0 0.945703 0.588194 0.025781 0.098611
1 0.094922 0.323611 0.099219 0.102778
3 0.926172 0.140278 0.017969 0.030556
1 0.826953 0.181944 0.041406 0.052778
1 0.673438 0.289583 0.079687 0.087500
0 0.234766 0.138194 0.011719 0.043056
3 0.523438 0.058333 0.054688 0.038889
3 0.435937 0.341667 0.159375 0.144444
3 0.614844 0.071528 0.051562 0.045833
1 0.006641 0.547917 0.013281 0.098611
