3 0.301563 0.172222 0.079687 0.050000
3 0.696094 0.098611 0.039062 0.052778
1 0.521484 0.100000 0.058594 0.052778
1 0.189453 0.066667 0.025781 0.030556
1 0.783984 0.067361 0.032031 0.056944
1 0.816016 0.058333 0.022656 0.025000
0 0.097266 0.204861 0.014844 0.045833
0 0.091406 0.223611 0.017188 0.050000
1 0.711719 0.264583 0.076563 0.084722
0 0.874609 0.788194 0.047656 0.145833
1 0.766016 0.320139 0.066406 0.104167
3 0.255078 0.220139 0.116406 0.120833
3 0.457031 0.438889 0.198437 0.205556
1 0.628125 0.086806 0.046875 0.054167
1 0.363672 0.404861 0.119531 0.123611
0 0.023438 0.256944 0.015625 0.055556
