1 0.151562 0.170139 0.039062 0.048611
3 0.323437 0.140278 0.059375 0.061111
1 0.128125 0.195833 0.043750 0.063889
3 0.164844 0.061806 0.025000 0.031944
3 0.598047 0.078472 0.038281 0.043056
1 0.192578 0.144444 0.044531 0.061111
1 0.300391 0.460417 0.125781 0.170833
3 0.701953 0.094444 0.047656 0.058333
1 0.211328 0.086111 0.030469 0.036111
3 0.053125 0.185417 0.056250 0.101389
1 0.409375 0.420139 0.142187 0.148611
3 0.394922 0.112500 0.083594 0.102778
3 0.546484 0.144444 0.097656 0.086111
1 0.823828 0.322222 0.092969 0.055556
3 0.851562 0.400000 0.135937 0.130556
1 0.961719 0.580556 0.075000 0.111111
