1 0.150781 0.170139 0.037500 0.045833
3 0.148438 0.125694 0.031250 0.034722
3 0.598437 0.077778 0.035937 0.038889
3 0.701953 0.097222 0.049219 0.052778
1 0.080078 0.127778 0.022656 0.038889
1 0.547266 0.361111 0.139844 0.122222
1 0.422266 0.070833 0.050781 0.036111
1 0.659766 0.077083 0.038281 0.043056
1 0.313281 0.088889 0.040625 0.036111
1 0.196875 0.340972 0.085938 0.118056
1 0.266016 0.573611 0.182031 0.311111
1 0.062891 0.154861 0.027344 0.040278
1 0.709766 0.072222 0.033594 0.036111
3 0.388281 0.165278 0.085938 0.077778
3 0.641016 0.175000 0.125781 0.111111
