3 0.824609 0.275694 0.111719 0.106944
1 0.151172 0.166667 0.032031 0.047222
3 0.596484 0.513889 0.169531 0.202778
1 0.753516 0.077083 0.033594 0.054167
1 0.660937 0.802778 0.235937 0.297222
1 0.144531 0.298611 0.065625 0.088889
3 0.107422 0.066667 0.019531 0.025000
1 0.053906 0.190972 0.037500 0.065278
3 0.608594 0.076389 0.035937 0.036111
3 0.199609 0.078472 0.036719 0.048611
3 0.298047 0.102083 0.071094 0.059722
3 0.173047 0.134722 0.044531 0.058333
3 0.117969 0.177083 0.050000 0.093056
1 0.049609 0.284722 0.046094 0.088889
1 0.017188 0.154861 0.021875 0.037500
1 0.748047 0.293056 0.103906 0.086111
1 0.173047 0.134722 0.042969 0.055556
3 0.303516 0.101389 0.074219 0.061111
