0 0.489844 0.085417 0.010937 0.026389
3 0.523047 0.086806 0.008594 0.040278
1 0.084766 0.123611 0.027344 0.036111
1 0.637109 0.090972 0.042969 0.043056
1 0.117188 0.084028 0.017188 0.026389
0 0.530859 0.086806 0.008594 0.040278
1 0.083203 0.124306 0.025781 0.034722
1 0.169531 0.232639 0.053125 0.079167
3 0.021094 0.136111 0.042188 0.105556
3 0.326953 0.108333 0.069531 0.058333
1 0.601953 0.075694 0.041406 0.040278
1 0.531641 0.225694 0.082031 0.076389
3 0.021484 0.136111 0.042969 0.105556
1 0.730469 0.460417 0.157812 0.148611
