1 0.332031 0.202778 0.095312 0.077778
1 0.514062 0.304861 0.112500 0.098611
1 0.161328 0.239583 0.088281 0.093056
1 0.656641 0.304167 0.097656 0.111111
3 0.012500 0.372917 0.023438 0.090278
1 0.105859 0.181944 0.036719 0.058333
1 0.699609 0.120139 0.050781 0.059722
1 0.433984 0.127083 0.067969 0.062500
1 0.855078 0.206944 0.041406 0.066667
1 0.582422 0.104861 0.055469 0.048611
3 0.079687 0.162500 0.032813 0.052778
1 0.901172 0.159028 0.025781 0.045833
1 0.819922 0.178472 0.038281 0.056944
2 0.623828 0.058333 0.096094 0.075000
