3 0.593359 0.165278 0.100781 0.080556
1 0.148438 0.164583 0.037500 0.051389
1 0.786719 0.051389 0.020313 0.019444
1 0.370312 0.530556 0.164062 0.200000
1 0.099609 0.239583 0.055469 0.090278
3 0.600391 0.076389 0.039844 0.041667
3 0.180859 0.137500 0.047656 0.061111
3 0.214844 0.247917 0.092188 0.148611
1 0.181641 0.498611 0.107031 0.197222
1 0.032813 0.177083 0.029687 0.045833
1 0.013672 0.493056 0.027344 0.152778
1 0.486328 0.170833 0.075781 0.061111
1 0.180859 0.137500 0.046094 0.061111
3 0.609375 0.254861 0.128125 0.104167
1 0.013281 0.147222 0.020313 0.036111
3 0.734766 0.089583 0.044531 0.045833
