3 0.923438 0.712500 0.151562 0.197222
1 0.468750 0.145139 0.073438 0.059722
1 0.101562 0.177778 0.035937 0.052778
1 0.535937 0.177778 0.059375 0.088889
3 0.789453 0.059028 0.022656 0.029167
1 0.763672 0.081944 0.028906 0.033333
1 0.689063 0.099306 0.037500 0.045833
1 0.660547 0.148611 0.050781 0.058333
1 0.786328 0.093750 0.030469 0.037500
3 0.924219 0.712500 0.150000 0.200000
1 0.132031 0.061806 0.017188 0.015278
1 0.654297 0.085417 0.039844 0.037500
2 0.376563 0.018750 0.056250 0.034722
1 0.048047 0.093750 0.013281 0.018056
1 0.513672 0.104861 0.060156 0.045833
1 0.676953 0.060417 0.035156 0.034722
