3 0.652734 0.111111 0.053906 0.058333
1 0.851172 0.051389 0.016406 0.019444
0 0.441016 0.064583 0.008594 0.034722
3 0.376563 0.017361 0.057813 0.034722
1 0.705859 0.094444 0.044531 0.044444
1 0.512500 0.120833 0.067187 0.061111
1 0.626953 0.054167 0.035156 0.030556
0 0.425000 0.053472 0.006250 0.031944
1 0.570703 0.056250 0.044531 0.034722
1 0.016797 0.224306 0.033594 0.068056
1 0.602734 0.079167 0.041406 0.036111
0 0.394922 0.076389 0.013281 0.036111
0 0.930859 0.235417 0.011719 0.048611
3 0.841797 0.120139 0.025781 0.040278
3 0.812891 0.053472 0.021094 0.026389
2 0.377344 0.018750 0.057813 0.034722
1 0.021875 0.159028 0.023438 0.037500
0 0.957812 0.269444 0.012500 0.063889
1 0.666016 0.079167 0.036719 0.038889
1 0.116016 0.443750 0.158594 0.162500
