1 0.285938 0.209028 0.076563 0.065278
3 0.598047 0.079861 0.038281 0.043056
3 0.700781 0.097222 0.046875 0.050000
1 0.228906 0.158333 0.050000 0.052778
1 0.092969 0.131944 0.029687 0.041667
1 0.660547 0.076389 0.039844 0.047222
1 0.087109 0.080556 0.022656 0.033333
1 0.705469 0.071528 0.042188 0.034722
1 0.553516 0.057639 0.044531 0.037500
1 0.158203 0.069444 0.019531 0.027778
1 0.183203 0.392361 0.130469 0.104167
3 0.473828 0.171528 0.111719 0.079167
1 0.154688 0.129167 0.042188 0.044444
1 0.837891 0.042361 0.017969 0.026389
