3 0.665234 0.106250 0.055469 0.051389
1 0.665234 0.063194 0.039844 0.034722
0 0.401562 0.089583 0.009375 0.043056
0 0.385547 0.092361 0.010156 0.043056
1 0.841016 0.050000 0.016406 0.019444
3 0.883594 0.095833 0.021875 0.036111
3 0.045312 0.313194 0.090625 0.120833
1 0.713672 0.090972 0.030469 0.045833
3 0.044922 0.313194 0.089844 0.123611
3 0.319531 0.147222 0.115625 0.122222
1 0.800391 0.057639 0.017969 0.023611
1 0.012500 0.211806 0.025000 0.062500
1 0.619922 0.049306 0.039844 0.034722
3 0.852734 0.200694 0.064844 0.104167
3 0.647656 0.257639 0.106250 0.109722
3 0.335156 0.194444 0.093750 0.077778
1 0.005859 0.549306 0.011719 0.095833
