1 0.097266 0.077778 0.021094 0.027778
1 0.018750 0.229167 0.037500 0.077778
1 0.060937 0.203472 0.032813 0.051389
1 0.109766 0.176389 0.039844 0.055556
1 0.079297 0.163194 0.028906 0.040278
1 0.937109 0.104167 0.014844 0.027778
0 0.940234 0.254861 0.011719 0.051389
1 0.056641 0.146528 0.024219 0.031944
1 0.376953 0.017361 0.060156 0.034722
1 0.867578 0.150694 0.027344 0.043056
1 0.374609 0.018056 0.057031 0.033333
0 0.256250 0.045139 0.007812 0.026389
1 0.183984 0.093750 0.041406 0.043056
1 0.154297 0.060417 0.019531 0.029167
1 0.265234 0.081250 0.038281 0.031944
