3 0.677734 0.102083 0.058594 0.056944
1 0.582422 0.097222 0.050781 0.052778
1 0.779687 0.065972 0.043750 0.051389
0 0.246875 0.145833 0.010937 0.044444
0 0.168359 0.168056 0.013281 0.047222
0 0.956641 0.540278 0.019531 0.052778
0 0.233203 0.147917 0.008594 0.043056
1 0.833984 0.122222 0.028906 0.038889
1 0.380078 0.145139 0.077344 0.059722
1 0.273047 0.224306 0.088281 0.079167
3 0.916016 0.152083 0.022656 0.043056
1 0.789062 0.212500 0.053125 0.063889
1 0.566406 0.372917 0.112500 0.115278
0 0.223047 0.147222 0.008594 0.038889
1 0.006641 0.547917 0.013281 0.095833
