3 0.931641 0.756250 0.133594 0.248611
1 0.462891 0.146528 0.075781 0.062500
1 0.101562 0.177778 0.035937 0.052778
1 0.843359 0.051389 0.016406 0.019444
1 0.533594 0.180556 0.059375 0.091667
3 0.787891 0.059028 0.024219 0.029167
1 0.762891 0.081944 0.028906 0.033333
1 0.687109 0.099306 0.039844 0.048611
1 0.658984 0.150000 0.049219 0.058333
1 0.784766 0.093750 0.028906 0.037500
3 0.931641 0.753472 0.132031 0.240278
1 0.130469 0.061806 0.017188 0.015278
1 0.651563 0.086111 0.042188 0.038889
2 0.376953 0.018750 0.057031 0.034722
1 0.049609 0.093750 0.014844 0.018056
