3 0.658203 0.107639 0.050781 0.054167
1 0.580859 0.080556 0.052344 0.047222
0 0.418359 0.085417 0.010156 0.040278
0 0.403906 0.087500 0.009375 0.038889
1 0.830078 0.054167 0.017969 0.022222
0 0.371484 0.093750 0.013281 0.040278
3 0.901953 0.090972 0.017969 0.026389
1 0.770312 0.068750 0.035937 0.054167
1 0.712109 0.090972 0.032031 0.040278
1 0.593359 0.052083 0.039844 0.034722
3 0.130469 0.236806 0.126562 0.162500
3 0.894922 0.160417 0.041406 0.076389
0 0.402734 0.088194 0.010156 0.037500
3 0.894922 0.160417 0.042969 0.076389
3 0.787109 0.179167 0.053906 0.075000
3 0.013281 0.381250 0.026562 0.076389
3 0.560156 0.386111 0.146875 0.155556
1 0.014063 0.213889 0.028125 0.066667
1 0.005859 0.547917 0.011719 0.095833
