3 0.654297 0.111111 0.055469 0.055556
0 0.444141 0.068750 0.011719 0.051389
1 0.821484 0.054861 0.019531 0.020833
3 0.376953 0.017361 0.058594 0.034722
1 0.705469 0.095139 0.042188 0.043056
1 0.697266 0.072222 0.036719 0.038889
1 0.626172 0.053472 0.039844 0.029167
0 0.436719 0.071528 0.009375 0.045833
1 0.573047 0.055556 0.046094 0.038889
3 0.926953 0.125694 0.019531 0.031944
1 0.016797 0.225694 0.033594 0.068056
1 0.892578 0.096528 0.014844 0.020833
0 0.406641 0.086806 0.010156 0.037500
1 0.291016 0.213889 0.094531 0.080556
0 0.932422 0.225000 0.010156 0.044444
3 0.634766 0.229861 0.085156 0.093056
3 0.850391 0.052083 0.016406 0.018056
1 0.006250 0.138889 0.012500 0.033333
1 0.052344 0.503472 0.104688 0.143056
