3 0.628516 0.120833 0.063281 0.063889
1 0.708984 0.090972 0.044531 0.045833
1 0.555469 0.059028 0.046875 0.034722
1 0.472266 0.064583 0.053906 0.040278
1 0.017578 0.224306 0.035156 0.070833
3 0.224609 0.238889 0.111719 0.100000
1 0.053906 0.195833 0.031250 0.050000
0 0.941016 0.256250 0.013281 0.048611
1 0.050000 0.131944 0.023438 0.041667
0 0.923047 0.241667 0.011719 0.058333
3 0.577344 0.096528 0.064062 0.070833
1 0.027734 0.120833 0.021094 0.030556
3 0.697656 0.119444 0.053125 0.069444
1 0.227344 0.352083 0.137500 0.137500
