1 0.696484 0.611111 0.194531 0.247222
3 0.297656 0.313194 0.103125 0.129167
2 0.176953 0.513889 0.253906 0.469444
1 0.146484 0.164583 0.036719 0.043056
1 0.133984 0.272917 0.061719 0.073611
3 0.076172 0.155556 0.028906 0.044444
1 0.135547 0.198611 0.047656 0.069444
1 0.051562 0.188889 0.032813 0.050000
1 0.018359 0.154861 0.021094 0.034722
3 0.376953 0.122917 0.078906 0.062500
3 0.377344 0.122222 0.078125 0.063889
3 0.335547 0.091667 0.052344 0.036111
1 0.005469 0.127778 0.010937 0.033333
3 0.766016 0.251389 0.091406 0.075000
