3 0.679297 0.102778 0.044531 0.050000
1 0.640625 0.084722 0.043750 0.044444
1 0.783594 0.067361 0.034375 0.051389
0 0.232031 0.149306 0.010937 0.051389
0 0.966797 0.508333 0.021094 0.097222
0 0.155469 0.175694 0.014063 0.045833
0 0.944531 0.573611 0.028125 0.063889
0 0.222266 0.150694 0.010156 0.051389
1 0.800391 0.139583 0.033594 0.045833
1 0.471484 0.114583 0.063281 0.051389
0 0.936328 0.643056 0.030469 0.108333
1 0.423438 0.161111 0.076563 0.066667
3 0.899609 0.170833 0.027344 0.047222
1 0.733203 0.255556 0.072656 0.080556
1 0.005859 0.535417 0.011719 0.073611
