1 0.151172 0.170833 0.038281 0.047222
3 0.777734 0.356250 0.132031 0.115278
3 0.285547 0.079861 0.049219 0.048611
3 0.033984 0.124306 0.028906 0.037500
3 0.598047 0.078472 0.036719 0.040278
3 0.142969 0.060417 0.020313 0.029167
3 0.233984 0.109722 0.049219 0.050000
3 0.192969 0.152083 0.040625 0.040278
1 0.145313 0.308333 0.067187 0.091667
1 0.054688 0.197917 0.032813 0.054167
3 0.710156 0.093750 0.042188 0.051389
1 0.449609 0.150000 0.064844 0.061111
1 0.651953 0.193056 0.105469 0.086111
1 0.010937 0.133333 0.021875 0.061111
3 0.010937 0.134028 0.021875 0.062500
1 0.078516 0.162500 0.032031 0.044444
1 0.086719 0.062500 0.021875 0.030556
