1 0.151172 0.170139 0.039844 0.048611
3 0.137109 0.073611 0.019531 0.030556
3 0.598047 0.078472 0.038281 0.040278
3 0.701953 0.096528 0.047656 0.051389
1 0.148047 0.125000 0.030469 0.038889
1 0.523828 0.350000 0.136719 0.119444
1 0.173828 0.059722 0.022656 0.030556
1 0.659766 0.075694 0.039844 0.048611
1 0.192969 0.100694 0.035937 0.040278
1 0.081641 0.125694 0.021094 0.037500
1 0.199609 0.265972 0.069531 0.090278
1 0.710547 0.071528 0.032031 0.031944
3 0.421484 0.150694 0.130469 0.134722
3 0.581250 0.190972 0.107813 0.101389
1 0.908984 0.572222 0.138281 0.158333
1 0.798047 0.052083 0.021094 0.018056
