3 0.674219 0.104861 0.057813 0.054167
1 0.535937 0.108333 0.060937 0.063889
1 0.783203 0.069444 0.033594 0.044444
0 0.255078 0.145139 0.010156 0.040278
3 0.933203 0.095833 0.019531 0.027778
1 0.841016 0.053472 0.024219 0.020833
0 0.178906 0.165278 0.014063 0.041667
0 0.241406 0.142361 0.009375 0.043056
1 0.849609 0.115278 0.024219 0.033333
1 0.311719 0.172222 0.081250 0.066667
1 0.161719 0.281944 0.095312 0.094444
3 0.922266 0.143750 0.017969 0.031944
1 0.814453 0.192361 0.044531 0.056944
1 0.640234 0.313889 0.089844 0.097222
0 0.230859 0.136806 0.010156 0.043056
3 0.540234 0.056250 0.057031 0.040278
3 0.371094 0.384028 0.179688 0.165278
