1 0.149609 0.168056 0.039844 0.050000
3 0.189453 0.140972 0.047656 0.062500
3 0.301953 0.420833 0.166406 0.244444
3 0.599609 0.076389 0.039844 0.038889
3 0.702344 0.095833 0.046875 0.047222
3 0.095703 0.075000 0.019531 0.030556
1 0.595703 0.380556 0.146094 0.130556
1 0.425781 0.068056 0.051562 0.036111
1 0.138672 0.083333 0.025781 0.036111
1 0.830859 0.284722 0.086719 0.086111
3 0.343359 0.128472 0.108594 0.112500
1 0.078125 0.125694 0.023438 0.034722
1 0.516797 0.134722 0.075781 0.061111
1 0.010547 0.144444 0.021094 0.036111
