3 0.651953 0.111806 0.052344 0.059722
1 0.828516 0.052778 0.017969 0.025000
0 0.433984 0.059028 0.007031 0.029167
3 0.376953 0.018056 0.057031 0.036111
1 0.705859 0.091667 0.044531 0.044444
1 0.203906 0.246528 0.103125 0.106944
1 0.619922 0.054167 0.039844 0.030556
1 0.560547 0.056944 0.046094 0.036111
1 0.016797 0.224306 0.033594 0.065278
1 0.327344 0.168056 0.078125 0.063889
0 0.384766 0.071528 0.010156 0.034722
3 0.887891 0.095139 0.019531 0.029167
2 0.376953 0.018750 0.058594 0.034722
1 0.035156 0.175000 0.026562 0.041667
0 0.941797 0.243056 0.010156 0.050000
1 0.515234 0.118056 0.064844 0.066667
1 0.010547 0.106250 0.014844 0.023611
1 0.166016 0.403472 0.152344 0.151389
