3 0.644922 0.113889 0.057031 0.061111
1 0.798828 0.059028 0.021094 0.023611
0 0.391797 0.050694 0.008594 0.031944
3 0.375781 0.018056 0.056250 0.033333
1 0.706250 0.090278 0.042188 0.044444
1 0.572266 0.057639 0.046094 0.034722
1 0.501953 0.063194 0.055469 0.040278
1 0.016797 0.225000 0.033594 0.069444
3 0.428125 0.151389 0.089063 0.080556
1 0.052344 0.193750 0.031250 0.048611
0 0.941797 0.238889 0.013281 0.086111
1 0.045312 0.127778 0.021875 0.036111
1 0.893750 0.053472 0.009375 0.015278
0 0.923047 0.243750 0.010156 0.054167
3 0.668750 0.074306 0.046875 0.048611
1 0.222656 0.354861 0.140625 0.140278
3 0.058984 0.343056 0.117969 0.136111
