3 0.666016 0.106944 0.058594 0.055556
1 0.783984 0.065972 0.036719 0.054167
0 0.315234 0.115972 0.008594 0.040278
0 0.242188 0.140972 0.012500 0.037500
0 0.303516 0.120139 0.011719 0.037500
1 0.906641 0.114583 0.021094 0.031944
1 0.866797 0.145139 0.027344 0.040278
0 0.280859 0.115972 0.010156 0.037500
3 0.260547 0.068056 0.038281 0.036111
3 0.808203 0.136111 0.042969 0.052778
3 0.288281 0.177778 0.101562 0.086111
1 0.046094 0.313194 0.092188 0.095833
3 0.783984 0.065972 0.036719 0.054167
1 0.729297 0.090278 0.036719 0.036111
3 0.463672 0.328472 0.152344 0.156944
3 0.724219 0.046528 0.037500 0.051389
1 0.006641 0.547917 0.013281 0.098611
