3 0.653516 0.111806 0.055469 0.059722
1 0.830859 0.054861 0.017969 0.020833
0 0.434375 0.060417 0.006250 0.031944
3 0.378125 0.017361 0.059375 0.034722
1 0.706641 0.091667 0.042969 0.044444
1 0.233594 0.230556 0.096875 0.100000
1 0.620703 0.053472 0.039844 0.031944
1 0.562109 0.057639 0.047656 0.037500
1 0.017188 0.224306 0.034375 0.065278
1 0.357031 0.156250 0.075000 0.059722
0 0.385547 0.072222 0.010156 0.033333
0 0.942578 0.241667 0.010156 0.047222
3 0.885547 0.095833 0.017969 0.027778
2 0.377344 0.018750 0.057813 0.034722
1 0.034766 0.173611 0.025781 0.041667
1 0.529297 0.114583 0.061719 0.062500
1 0.009375 0.106250 0.015625 0.026389
1 0.162891 0.405556 0.155469 0.155556
