1 0.812109 0.136111 0.033594 0.041667
1 0.868359 0.143750 0.028906 0.048611
1 0.104297 0.181944 0.036719 0.058333
1 0.699609 0.118750 0.050781 0.062500
1 0.925391 0.132639 0.019531 0.029167
1 0.130469 0.299306 0.104688 0.104167
3 0.078906 0.161111 0.031250 0.052778
1 0.908984 0.113194 0.017969 0.029167
2 0.400781 0.113194 0.179688 0.140278
2 0.019141 0.199306 0.038281 0.120833
1 0.644141 0.090972 0.041406 0.037500
1 0.592969 0.363889 0.112500 0.113889
1 0.377344 0.019444 0.059375 0.036111
3 0.807031 0.057639 0.025000 0.023611
0 0.941797 0.259722 0.011719 0.044444
