3 0.661328 0.108333 0.055469 0.055556
1 0.614453 0.072222 0.046094 0.044444
0 0.413672 0.087500 0.007031 0.041667
0 0.398047 0.090972 0.008594 0.037500
1 0.833984 0.052778 0.019531 0.022222
0 0.366406 0.094444 0.010937 0.038889
3 0.894922 0.093056 0.017969 0.027778
1 0.712109 0.091667 0.032031 0.038889
1 0.601172 0.051389 0.039844 0.036111
0 0.396484 0.091667 0.008594 0.038889
3 0.881641 0.171528 0.049219 0.090278
3 0.751953 0.199306 0.066406 0.081944
3 0.111719 0.313194 0.103125 0.104167
3 0.437109 0.482639 0.189844 0.198611
1 0.006250 0.547222 0.012500 0.100000
