1 0.148828 0.168056 0.039844 0.047222
3 0.191406 0.145833 0.045312 0.052778
3 0.075781 0.210417 0.051562 0.090278
3 0.600391 0.073611 0.041406 0.038889
3 0.052734 0.088889 0.017969 0.027778
3 0.703516 0.095139 0.047656 0.048611
3 0.147266 0.090972 0.030469 0.034722
1 0.623047 0.393056 0.146094 0.127778
1 0.432422 0.068056 0.047656 0.036111
1 0.472656 0.131250 0.067187 0.048611
1 0.661328 0.068750 0.038281 0.040278
1 0.658203 0.070139 0.039844 0.045833
1 0.236328 0.110417 0.044531 0.051389
3 0.664453 0.220833 0.082031 0.086111
3 0.763281 0.306250 0.218750 0.248611
0 0.805078 0.021528 0.008594 0.040278
