3 0.663281 0.107639 0.050000 0.054167
1 0.776172 0.073611 0.035156 0.041667
0 0.376563 0.094444 0.009375 0.044444
0 0.303906 0.112500 0.010937 0.036111
0 0.358594 0.099306 0.010937 0.040278
0 0.330078 0.103472 0.010156 0.040278
3 0.125000 0.055556 0.020313 0.025000
3 0.900000 0.091667 0.017188 0.022222
1 0.748047 0.103472 0.046094 0.051389
3 0.305469 0.164583 0.100000 0.090278
1 0.714453 0.092361 0.027344 0.043056
3 0.525391 0.083333 0.074219 0.083333
1 0.827734 0.054167 0.017969 0.019444
1 0.100781 0.272917 0.095312 0.106944
3 0.687891 0.370139 0.147656 0.212500
1 0.006250 0.194444 0.012500 0.052778
1 0.006250 0.538194 0.012500 0.079167
