1 0.148828 0.168056 0.038281 0.044444
3 0.190234 0.145139 0.044531 0.051389
3 0.085156 0.220139 0.056250 0.095833
3 0.600391 0.074306 0.042969 0.040278
3 0.054688 0.088194 0.018750 0.026389
3 0.702734 0.095833 0.047656 0.047222
3 0.140234 0.086111 0.028906 0.038889
1 0.617188 0.390972 0.148438 0.129167
1 0.433203 0.068056 0.052344 0.036111
1 0.452734 0.124306 0.064844 0.048611
1 0.658984 0.068056 0.039844 0.041667
3 0.618359 0.200000 0.082031 0.086111
1 0.605859 0.202083 0.069531 0.073611
3 0.713672 0.279861 0.210156 0.240278
0 0.805078 0.022917 0.010156 0.040278
