1 0.830859 0.128472 0.030469 0.037500
1 0.881641 0.133333 0.024219 0.041667
1 0.104297 0.181944 0.036719 0.058333
1 0.699219 0.120833 0.051562 0.061111
1 0.930859 0.125000 0.016406 0.030556
1 0.031250 0.367361 0.062500 0.093056
3 0.078516 0.161806 0.032031 0.051389
1 0.914453 0.107639 0.016406 0.031944
2 0.340234 0.132639 0.199219 0.165278
2 0.019141 0.200000 0.038281 0.125000
1 0.617969 0.097222 0.046875 0.041667
1 0.670312 0.300694 0.087500 0.093056
1 0.376953 0.019444 0.058594 0.036111
3 0.803906 0.056250 0.025000 0.026389
0 0.941797 0.259028 0.010156 0.043056
