1 0.158594 0.048611 0.018750 0.022222
3 0.607812 0.103472 0.010937 0.045833
1 0.082812 0.074306 0.015625 0.026389
1 0.253125 0.407639 0.107813 0.140278
1 0.816016 0.869444 0.267969 0.258333
1 0.644531 0.086806 0.042188 0.043056
1 0.899609 0.575000 0.150781 0.158333
0 0.697656 0.136111 0.014063 0.044444
3 0.200000 0.090278 0.057813 0.080556
1 0.342578 0.340972 0.119531 0.170833
1 0.513672 0.143056 0.069531 0.055556
3 0.453516 0.195139 0.107031 0.095833
1 0.112891 0.075694 0.024219 0.031944
1 0.067969 0.205556 0.045312 0.072222
