3 0.671875 0.137500 0.056250 0.063889
1 0.754297 0.084722 0.027344 0.036111
3 0.087500 0.061111 0.026562 0.033333
3 0.360547 0.175000 0.178906 0.130556
1 0.570703 0.084722 0.052344 0.050000
3 0.636328 0.086111 0.055469 0.052778
1 0.102344 0.179167 0.035937 0.052778
0 0.126953 0.189583 0.016406 0.037500
1 0.146094 0.069444 0.023438 0.030556
1 0.805078 0.184722 0.044531 0.061111
1 0.721484 0.092361 0.036719 0.043056
3 0.626172 0.250000 0.083594 0.080556
1 0.453516 0.486111 0.160156 0.155556
0 0.240234 0.044444 0.007031 0.027778
1 0.825391 0.056250 0.019531 0.020833
1 0.798828 0.058333 0.019531 0.022222
1 0.552734 0.063194 0.050781 0.031944
