0 0.776172 0.168750 0.011719 0.048611
1 0.206641 0.061111 0.025781 0.027778
1 0.317578 0.089583 0.064844 0.037500
1 0.784375 0.853472 0.232813 0.287500
1 0.065625 0.311111 0.056250 0.113889
1 0.011328 0.145833 0.019531 0.033333
3 0.973047 0.615972 0.052344 0.087500
1 0.076172 0.151389 0.030469 0.041667
1 0.087891 0.081250 0.017969 0.029167
1 0.712891 0.071528 0.027344 0.034722
1 0.617188 0.561111 0.190625 0.200000
1 0.236719 0.120139 0.040625 0.040278
3 0.161328 0.205556 0.074219 0.122222
1 0.671875 0.300000 0.117188 0.088889
