3 0.602734 0.079861 0.046094 0.040278
3 0.699609 0.097222 0.046094 0.052778
1 0.856641 0.114583 0.021094 0.029167
1 0.429688 0.229861 0.109375 0.081944
1 0.660156 0.078472 0.040625 0.045833
1 0.278906 0.068750 0.039062 0.037500
1 0.075000 0.055556 0.012500 0.019444
1 0.705859 0.165972 0.074219 0.059722
1 0.127734 0.155556 0.033594 0.044444
1 0.808984 0.056250 0.019531 0.023611
3 0.885547 0.100000 0.019531 0.030556
1 0.616016 0.220833 0.102344 0.086111
1 0.378125 0.018750 0.059375 0.034722
1 0.013672 0.065278 0.019531 0.022222
1 0.066797 0.118750 0.019531 0.031944
1 0.851172 0.053472 0.019531 0.020833
1 0.960938 0.611806 0.076563 0.115278
