3 0.652734 0.111111 0.053906 0.058333
1 0.851172 0.052083 0.016406 0.018056
0 0.441016 0.065278 0.007031 0.033333
3 0.376563 0.017361 0.057813 0.034722
1 0.705859 0.094444 0.044531 0.044444
1 0.501563 0.123611 0.070312 0.063889
1 0.626953 0.054861 0.039844 0.029167
0 0.425391 0.053472 0.007031 0.031944
1 0.569922 0.056944 0.042969 0.036111
1 0.017188 0.224306 0.034375 0.070833
1 0.594531 0.081944 0.042188 0.036111
0 0.394531 0.077083 0.010937 0.037500
0 0.930859 0.236806 0.011719 0.048611
3 0.844141 0.118750 0.027344 0.040278
3 0.812109 0.054167 0.021094 0.025000
2 0.376953 0.018750 0.057031 0.034722
1 0.022266 0.160417 0.022656 0.037500
1 0.663281 0.079167 0.035937 0.038889
1 0.119141 0.442361 0.158594 0.159722
