3 0.662109 0.106944 0.049219 0.055556
0 0.371875 0.096528 0.010937 0.040278
0 0.300781 0.116667 0.010937 0.047222
0 0.326172 0.102083 0.011719 0.040278
3 0.131250 0.057639 0.020313 0.023611
3 0.897266 0.090972 0.019531 0.026389
1 0.751953 0.104861 0.044531 0.048611
3 0.344531 0.148611 0.096875 0.083333
1 0.714453 0.093056 0.027344 0.041667
3 0.548047 0.077778 0.072656 0.077778
3 0.037500 0.343056 0.075000 0.136111
1 0.831641 0.054861 0.017969 0.020833
1 0.144141 0.247917 0.092969 0.101389
3 0.628125 0.429861 0.184375 0.248611
1 0.005859 0.190278 0.011719 0.047222
3 0.494141 0.572917 0.116406 0.195833
0 0.355469 0.095139 0.010937 0.029167
1 0.681250 0.043750 0.031250 0.026389
1 0.005859 0.548611 0.011719 0.094444
