1 0.148438 0.166667 0.040625 0.050000
3 0.189844 0.145833 0.048438 0.052778
3 0.076172 0.122222 0.030469 0.036111
3 0.600391 0.073611 0.038281 0.038889
3 0.189062 0.140972 0.048438 0.062500
3 0.703125 0.095139 0.048438 0.051389
3 0.491406 0.574306 0.295312 0.448611
3 0.268750 0.113889 0.053125 0.069444
1 0.194531 0.345833 0.089063 0.130556
1 0.741406 0.454861 0.151562 0.143056
1 0.194922 0.345139 0.089844 0.131944
2 0.158984 0.061111 0.035156 0.055556
1 0.489063 0.064583 0.045312 0.037500
3 0.546094 0.156250 0.148438 0.143056
1 0.534766 0.225694 0.100781 0.087500
