1 0.103516 0.181250 0.036719 0.059722
1 0.686328 0.125694 0.053906 0.065278
1 0.705469 0.060417 0.032813 0.031944
3 0.078516 0.161111 0.033594 0.055556
2 0.018359 0.194444 0.036719 0.130556
1 0.929297 0.103472 0.013281 0.023611
3 0.468750 0.129167 0.089063 0.091667
3 0.393750 0.135417 0.096875 0.076389
1 0.901953 0.114583 0.019531 0.029167
3 0.008203 0.343056 0.016406 0.075000
1 0.032813 0.518056 0.065625 0.105556
1 0.806641 0.138889 0.035156 0.047222
1 0.188672 0.264583 0.096094 0.090278
3 0.626563 0.068750 0.050000 0.045833
3 0.372656 0.398611 0.184375 0.169444
3 0.873047 0.104861 0.019531 0.026389
