1 0.246094 0.120833 0.035937 0.044444
1 0.246484 0.121528 0.036719 0.043056
1 0.017188 0.220833 0.034375 0.075000
1 0.055859 0.196528 0.032031 0.048611
1 0.103125 0.172222 0.034375 0.050000
0 0.925391 0.246528 0.011719 0.051389
1 0.078516 0.164583 0.024219 0.037500
3 0.566016 0.502778 0.171094 0.369444
1 0.900391 0.161111 0.030469 0.050000
0 0.939453 0.258333 0.010156 0.050000
1 0.058203 0.147917 0.025781 0.031944
3 0.234375 0.225000 0.089063 0.105556
1 0.005859 0.132639 0.011719 0.034722
0 0.280078 0.042361 0.008594 0.037500
1 0.337109 0.106944 0.047656 0.050000
1 0.337500 0.106944 0.050000 0.050000
