3 0.652734 0.111111 0.053906 0.058333
1 0.855078 0.050694 0.014844 0.018056
0 0.442578 0.068056 0.008594 0.036111
3 0.377734 0.017361 0.058594 0.034722
1 0.705078 0.093750 0.042969 0.043056
1 0.551562 0.108333 0.060937 0.055556
1 0.624219 0.054861 0.032813 0.026389
0 0.419531 0.057639 0.006250 0.026389
1 0.572266 0.056944 0.046094 0.036111
3 0.948047 0.105556 0.014844 0.030556
1 0.016797 0.224306 0.033594 0.065278
1 0.635547 0.068750 0.035156 0.040278
0 0.396094 0.079167 0.012500 0.038889
0 0.931641 0.233333 0.010156 0.044444
3 0.826953 0.127083 0.032031 0.045833
3 0.819922 0.054167 0.021094 0.022222
2 0.376953 0.018750 0.057031 0.034722
1 0.018750 0.155556 0.021875 0.036111
1 0.682813 0.075694 0.039062 0.040278
1 0.103125 0.455556 0.160938 0.163889
