3 0.664844 0.105556 0.056250 0.052778
1 0.662891 0.063889 0.039844 0.036111
0 0.402344 0.088194 0.009375 0.043056
0 0.386328 0.090972 0.010156 0.040278
1 0.841016 0.050000 0.017969 0.022222
3 0.042188 0.306944 0.084375 0.105556
1 0.714063 0.090972 0.031250 0.045833
3 0.312109 0.148611 0.114844 0.122222
1 0.799609 0.056944 0.016406 0.022222
1 0.012500 0.212500 0.025000 0.061111
1 0.618750 0.049306 0.040625 0.034722
3 0.854297 0.200000 0.066406 0.102778
3 0.663281 0.250000 0.103125 0.105556
3 0.322266 0.198611 0.096094 0.080556
1 0.005859 0.549306 0.011719 0.095833
