3 0.603516 0.222222 0.050781 0.100000
1 0.749609 0.085417 0.028906 0.034722
3 0.023047 0.329167 0.046094 0.083333
1 0.101562 0.178472 0.034375 0.048611
1 0.688672 0.092361 0.044531 0.062500
1 0.914453 0.113194 0.016406 0.026389
1 0.767969 0.062500 0.025000 0.025000
1 0.785937 0.094444 0.028125 0.033333
1 0.162109 0.063194 0.024219 0.026389
1 0.861328 0.068750 0.014844 0.029167
3 0.852734 0.113889 0.027344 0.038889
3 0.603906 0.222222 0.053125 0.102778
1 0.251953 0.069444 0.025781 0.025000
1 0.833984 0.052083 0.019531 0.020833
