3 0.664453 0.106250 0.055469 0.054167
1 0.680469 0.059028 0.035937 0.034722
0 0.322656 0.109028 0.010937 0.043056
1 0.843359 0.050694 0.016406 0.018056
3 0.879297 0.097222 0.024219 0.038889
3 0.079687 0.283333 0.112500 0.119444
1 0.714063 0.092361 0.029687 0.043056
3 0.079687 0.284722 0.114062 0.119444
3 0.357422 0.133333 0.110156 0.113889
1 0.805859 0.056250 0.021094 0.023611
3 0.844141 0.209722 0.060156 0.105556
1 0.011719 0.207639 0.023438 0.059722
3 0.818359 0.251389 0.039844 0.069444
1 0.627344 0.051389 0.039062 0.030556
3 0.844922 0.209722 0.058594 0.102778
3 0.593359 0.288194 0.125781 0.126389
3 0.401562 0.168750 0.087500 0.068056
1 0.006250 0.548611 0.012500 0.097222
