3 0.492188 0.281250 0.070312 0.131944
1 0.816016 0.081944 0.022656 0.030556
1 0.604297 0.127778 0.057031 0.072222
1 0.353125 0.071528 0.054688 0.037500
1 0.262109 0.069444 0.038281 0.033333
1 0.016797 0.224306 0.033594 0.065278
1 0.055469 0.196528 0.031250 0.048611
0 0.937891 0.261111 0.008594 0.041667
1 0.086328 0.161111 0.035156 0.050000
1 0.187109 0.259722 0.088281 0.088889
0 0.925391 0.243750 0.011719 0.051389
1 0.057422 0.146528 0.024219 0.031944
3 0.651172 0.350694 0.089844 0.159722
3 0.493359 0.281944 0.069531 0.133333
3 0.722266 0.079861 0.046094 0.065278
1 0.651172 0.350694 0.088281 0.156944
1 0.028125 0.120139 0.018750 0.031944
