3 0.651172 0.111111 0.053906 0.061111
0 0.430078 0.055556 0.007031 0.030556
3 0.376953 0.017361 0.058594 0.034722
1 0.705078 0.095139 0.041406 0.037500
1 0.047266 0.345833 0.094531 0.127778
1 0.615234 0.054861 0.041406 0.031944
1 0.554688 0.058333 0.048438 0.036111
1 0.016797 0.225000 0.033594 0.066667
1 0.166406 0.240972 0.082812 0.079167
0 0.380469 0.070833 0.010937 0.036111
0 0.926953 0.248611 0.011719 0.044444
3 0.898828 0.090278 0.011719 0.022222
3 0.817578 0.047917 0.019531 0.034722
1 0.039453 0.179861 0.028906 0.045833
1 0.425391 0.149306 0.078906 0.079167
1 0.014063 0.109028 0.014063 0.026389
3 0.650391 0.081944 0.052344 0.044444
1 0.176172 0.393750 0.150781 0.151389
