3 0.947266 0.818056 0.103906 0.219444
1 0.145313 0.166667 0.043750 0.050000
3 0.250781 0.272917 0.078125 0.098611
1 0.774219 0.072222 0.032813 0.050000
1 0.234375 0.396528 0.096875 0.129167
1 0.071094 0.220833 0.039062 0.061111
3 0.141406 0.069444 0.028125 0.036111
3 0.142578 0.070139 0.028906 0.037500
3 0.156250 0.125000 0.040625 0.050000
1 0.029687 0.161806 0.028125 0.051389
3 0.215625 0.109722 0.040625 0.047222
3 0.644531 0.081944 0.084375 0.055556
3 0.073438 0.143056 0.035937 0.069444
1 0.010156 0.204861 0.020313 0.054167
1 0.007422 0.140278 0.014844 0.033333
3 0.471484 0.147917 0.113281 0.084722
