3 0.689453 0.127083 0.053906 0.062500
1 0.084766 0.283333 0.088281 0.102778
1 0.755078 0.082639 0.028906 0.034722
3 0.130078 0.065972 0.027344 0.029167
1 0.211328 0.072917 0.036719 0.034722
3 0.528125 0.112500 0.120313 0.088889
1 0.635156 0.069444 0.042188 0.038889
3 0.696875 0.065278 0.043750 0.050000
1 0.100781 0.177778 0.035937 0.052778
0 0.228906 0.140278 0.014063 0.036111
1 0.209766 0.071528 0.035156 0.034722
1 0.682422 0.272917 0.078906 0.095833
1 0.721484 0.091667 0.038281 0.041667
3 0.353516 0.421528 0.152344 0.134722
