1 0.151562 0.169444 0.039062 0.050000
3 0.598047 0.077778 0.038281 0.041667
3 0.701172 0.097222 0.049219 0.052778
1 0.150391 0.125694 0.024219 0.034722
1 0.301563 0.304167 0.120313 0.091667
1 0.660547 0.072917 0.038281 0.048611
1 0.081250 0.126389 0.018750 0.036111
1 0.710156 0.072917 0.032813 0.037500
3 0.185156 0.084722 0.051562 0.069444
1 0.817578 0.506944 0.155469 0.147222
1 0.844141 0.053472 0.013281 0.020833
1 0.558203 0.161806 0.074219 0.059722
1 0.422266 0.070833 0.052344 0.038889
1 0.066406 0.072917 0.014063 0.023611
1 0.012500 0.095833 0.015625 0.019444
1 0.027344 0.119444 0.020313 0.027778
