3 0.658203 0.106944 0.053906 0.055556
1 0.533984 0.093056 0.058594 0.052778
0 0.426953 0.084028 0.011719 0.043056
0 0.410156 0.089583 0.009375 0.034722
1 0.823047 0.054167 0.019531 0.022222
0 0.380078 0.090278 0.008594 0.038889
1 0.712109 0.090972 0.035156 0.045833
3 0.055469 0.288194 0.110937 0.173611
3 0.906641 0.147917 0.038281 0.065278
0 0.409766 0.087500 0.008594 0.036111
1 0.585547 0.052778 0.044531 0.038889
3 0.906641 0.148611 0.039844 0.066667
3 0.819531 0.159028 0.045312 0.062500
3 0.664062 0.307639 0.107813 0.120833
1 0.015234 0.217361 0.030469 0.079167
1 0.491406 0.333333 0.112500 0.105556
1 0.006250 0.548611 0.012500 0.097222
