3 0.419141 0.109028 0.077344 0.062500
1 0.150000 0.168056 0.039062 0.050000
3 0.986719 0.834028 0.025000 0.198611
1 0.755859 0.052778 0.025781 0.027778
3 0.067578 0.068750 0.017969 0.034722
3 0.035547 0.131944 0.024219 0.038889
1 0.201953 0.340972 0.097656 0.148611
3 0.598828 0.076389 0.039844 0.041667
3 0.198047 0.065972 0.028906 0.034722
3 0.493359 0.444444 0.214844 0.294444
1 0.061719 0.213889 0.039062 0.058333
1 0.184375 0.133333 0.051562 0.075000
3 0.379297 0.157639 0.086719 0.073611
1 0.026953 0.164583 0.025781 0.040278
3 0.721875 0.084028 0.043750 0.062500
1 0.696484 0.254861 0.089844 0.087500
1 0.891797 0.320833 0.113281 0.111111
1 0.016797 0.111111 0.013281 0.027778
1 0.667969 0.086806 0.040625 0.029167
