3 0.623047 0.327083 0.074219 0.143056
1 0.637891 0.084028 0.049219 0.031944
1 0.101562 0.177778 0.035937 0.052778
1 0.930078 0.102083 0.013281 0.020833
1 0.646094 0.108333 0.053125 0.063889
1 0.718750 0.088194 0.015625 0.029167
1 0.652734 0.068750 0.042969 0.034722
1 0.750000 0.106250 0.035937 0.043056
1 0.130859 0.063194 0.017969 0.018056
1 0.838672 0.078472 0.024219 0.029167
3 0.882422 0.100000 0.021094 0.033333
3 0.623047 0.327778 0.072656 0.141667
1 0.195703 0.065972 0.027344 0.023611
1 0.830078 0.061111 0.025781 0.025000
