1 0.819141 0.080556 0.021094 0.030556
1 0.609766 0.125000 0.057031 0.069444
1 0.361719 0.070139 0.054688 0.037500
1 0.266797 0.070139 0.038281 0.034722
1 0.016797 0.224306 0.033594 0.065278
1 0.055469 0.196528 0.031250 0.048611
0 0.938672 0.261111 0.010156 0.044444
1 0.085547 0.159028 0.035156 0.048611
1 0.221875 0.241667 0.085938 0.080556
0 0.925391 0.244444 0.011719 0.050000
1 0.056641 0.145833 0.022656 0.030556
3 0.643359 0.329861 0.080469 0.143056
3 0.495703 0.269444 0.069531 0.127778
3 0.724609 0.079861 0.042969 0.062500
1 0.642578 0.329167 0.082031 0.147222
