1 0.191797 0.509028 0.122656 0.229167
1 0.227734 0.374306 0.092969 0.120833
1 0.385156 0.378472 0.123438 0.151389
1 0.154688 0.216667 0.046875 0.058333
0 0.927734 0.247917 0.013281 0.051389
1 0.074609 0.153472 0.027344 0.040278
1 0.019922 0.151389 0.022656 0.041667
1 0.030469 0.265278 0.040625 0.072222
1 0.598047 0.176389 0.082031 0.063889
1 0.191406 0.509722 0.121875 0.227778
1 0.847266 0.286806 0.094531 0.068056
1 0.033203 0.173611 0.025781 0.041667
1 0.940234 0.472917 0.113281 0.129167
1 0.938672 0.473611 0.111719 0.125000
3 0.013281 0.109028 0.026562 0.062500
1 0.110156 0.057639 0.018750 0.020833
