3 0.494141 0.309028 0.072656 0.140278
1 0.812109 0.084028 0.024219 0.031944
1 0.594531 0.133333 0.059375 0.072222
1 0.340625 0.071528 0.051562 0.037500
1 0.253516 0.068750 0.035156 0.031944
1 0.016797 0.224306 0.033594 0.065278
1 0.055469 0.196528 0.031250 0.048611
0 0.937891 0.261111 0.008594 0.041667
1 0.088281 0.162500 0.034375 0.050000
1 0.126953 0.295833 0.091406 0.094444
0 0.925391 0.244444 0.010156 0.052778
1 0.059766 0.146528 0.024219 0.031944
3 0.668359 0.390278 0.107031 0.177778
3 0.493359 0.308333 0.075781 0.144444
3 0.719141 0.080556 0.046094 0.066667
1 0.668359 0.390972 0.107031 0.176389
1 0.005469 0.464583 0.010937 0.084722
