1 0.137891 0.425694 0.094531 0.173611
1 0.186719 0.331250 0.076563 0.104167
1 0.308203 0.321528 0.099219 0.129167
1 0.133594 0.201389 0.042188 0.052778
0 0.931641 0.249306 0.011719 0.051389
1 0.066016 0.150000 0.028906 0.041667
1 0.017969 0.151389 0.021875 0.038889
1 0.922266 0.104167 0.014844 0.027778
1 0.023438 0.250694 0.039062 0.068056
1 0.655859 0.202083 0.088281 0.070833
1 0.137891 0.427083 0.094531 0.176389
1 0.909766 0.325694 0.085156 0.068056
1 0.031250 0.169444 0.026562 0.041667
1 0.966797 0.495833 0.049219 0.083333
1 0.981641 0.419444 0.035156 0.094444
1 0.119922 0.059028 0.016406 0.018056
