1 0.871484 0.893056 0.202344 0.211111
1 0.203516 0.059722 0.024219 0.027778
1 0.308594 0.085417 0.050000 0.040278
1 0.872266 0.892361 0.207031 0.212500
1 0.076953 0.329167 0.063281 0.122222
1 0.013672 0.147222 0.021094 0.033333
3 0.971484 0.614583 0.055469 0.087500
1 0.080078 0.154167 0.030469 0.041667
1 0.083984 0.077778 0.017969 0.025000
1 0.712109 0.072917 0.030469 0.034722
0 0.696484 0.131250 0.014844 0.051389
1 0.696094 0.620833 0.203125 0.216667
1 0.228516 0.115972 0.035156 0.037500
3 0.176172 0.215278 0.078906 0.127778
1 0.636328 0.280556 0.111719 0.088889
