1 0.201563 0.059722 0.021875 0.025000
1 0.303125 0.084722 0.042188 0.036111
1 0.869141 0.913194 0.096094 0.168056
1 0.083594 0.339583 0.064062 0.129167
1 0.013672 0.148611 0.021094 0.036111
3 0.970703 0.615278 0.057031 0.091667
1 0.081641 0.156250 0.032031 0.043056
1 0.082031 0.077778 0.015625 0.022222
1 0.710547 0.073611 0.030469 0.036111
0 0.694922 0.132639 0.013281 0.048611
1 0.739453 0.652083 0.205469 0.223611
1 0.221875 0.115972 0.034375 0.034722
3 0.185156 0.220139 0.079687 0.131944
1 0.618359 0.272222 0.108594 0.086111
