3 0.653516 0.111806 0.055469 0.056944
1 0.062109 0.295833 0.099219 0.116667
1 0.850391 0.052083 0.016406 0.018056
0 0.422266 0.082639 0.010156 0.037500
1 0.707422 0.090278 0.039844 0.044444
1 0.626172 0.054861 0.036719 0.029167
0 0.443359 0.075694 0.010156 0.040278
1 0.572656 0.056250 0.043750 0.034722
3 0.879297 0.153472 0.035156 0.054167
1 0.016797 0.225000 0.033594 0.075000
1 0.832422 0.129167 0.027344 0.036111
1 0.817187 0.055556 0.020313 0.022222
0 0.395313 0.095833 0.012500 0.041667
3 0.306641 0.203472 0.111719 0.095833
1 0.017969 0.534722 0.035937 0.111111
