0 0.778906 0.168750 0.012500 0.051389
1 0.210938 0.061806 0.025000 0.029167
3 0.153516 0.127778 0.038281 0.047222
1 0.337109 0.090972 0.060156 0.043056
1 0.692187 0.800694 0.231250 0.326389
1 0.056250 0.294444 0.053125 0.108333
1 0.009766 0.145139 0.019531 0.031944
3 0.974219 0.620139 0.050000 0.084722
1 0.072266 0.148611 0.027344 0.038889
3 0.510156 0.931250 0.145313 0.134722
1 0.091406 0.079167 0.018750 0.030556
1 0.544141 0.506250 0.174219 0.179167
1 0.249609 0.124306 0.036719 0.040278
3 0.148438 0.196528 0.068750 0.115278
1 0.708203 0.321528 0.117969 0.095833
