3 0.729297 0.225694 0.114844 0.098611
3 0.850391 0.702083 0.185156 0.254167
1 0.916016 0.940972 0.166406 0.112500
1 0.200391 0.358333 0.086719 0.116667
3 0.096875 0.065278 0.018750 0.025000
3 0.262500 0.093056 0.060937 0.050000
1 0.068359 0.206944 0.041406 0.072222
3 0.603516 0.077083 0.039844 0.040278
3 0.173047 0.075000 0.033594 0.044444
3 0.177734 0.136806 0.049219 0.059722
3 0.146875 0.198611 0.062500 0.108333
1 0.082031 0.340278 0.060937 0.113889
1 0.021484 0.162500 0.022656 0.036111
1 0.632812 0.233333 0.095312 0.075000
1 0.177344 0.136111 0.048438 0.061111
3 0.807422 0.366667 0.139844 0.127778
1 0.008203 0.139583 0.016406 0.031944
