3 0.648828 0.149306 0.061719 0.068056
1 0.754297 0.085417 0.028906 0.034722
1 0.280859 0.179167 0.085156 0.083333
3 0.487109 0.111111 0.080469 0.061111
1 0.101562 0.177778 0.034375 0.050000
1 0.074609 0.062500 0.013281 0.019444
1 0.898047 0.117361 0.019531 0.031944
1 0.717969 0.093056 0.039062 0.041667
3 0.826953 0.130556 0.028906 0.041667
1 0.834766 0.180556 0.036719 0.047222
1 0.810547 0.056944 0.019531 0.025000
1 0.769141 0.062500 0.024219 0.025000
1 0.301172 0.075000 0.049219 0.030556
3 0.355078 0.186806 0.110156 0.095833
1 0.850391 0.075694 0.019531 0.026389
3 0.635547 0.224306 0.091406 0.093056
3 0.507422 0.408333 0.158594 0.155556
1 0.281250 0.179167 0.087500 0.083333
