0 0.832422 0.196528 0.013281 0.048611
1 0.110937 0.250694 0.050000 0.084722
1 0.792578 0.058333 0.021094 0.027778
1 0.317188 0.455556 0.129688 0.158333
1 0.227344 0.265972 0.068750 0.081944
1 0.357031 0.096528 0.056250 0.043056
3 0.239844 0.597917 0.185938 0.281944
3 0.162109 0.075000 0.025781 0.033333
1 0.709766 0.268056 0.096094 0.086111
1 0.789453 0.262500 0.086719 0.086111
3 0.044141 0.270139 0.053906 0.120833
1 0.121094 0.188889 0.042188 0.052778
1 0.593359 0.259722 0.100781 0.083333
3 0.048828 0.131250 0.028906 0.059722
