1 0.544141 0.498611 0.169531 0.208333
3 0.246484 0.276389 0.083594 0.105556
2 0.135937 0.439583 0.195312 0.376389
1 0.147656 0.165972 0.035937 0.045833
1 0.110547 0.248611 0.055469 0.063889
3 0.070312 0.150000 0.028125 0.044444
1 0.120703 0.186806 0.042969 0.065278
3 0.333594 0.137500 0.075000 0.072222
1 0.046094 0.182639 0.029687 0.045833
1 0.016016 0.152083 0.022656 0.034722
3 0.424219 0.137500 0.089063 0.072222
3 0.424219 0.136111 0.089063 0.069444
3 0.374609 0.100694 0.060156 0.043056
1 0.004687 0.125000 0.009375 0.033333
3 0.828516 0.288194 0.092969 0.079167
