3 0.662891 0.108333 0.050781 0.055556
0 0.375781 0.096528 0.009375 0.045833
0 0.303516 0.112500 0.011719 0.036111
0 0.357422 0.101389 0.013281 0.041667
0 0.328906 0.102083 0.012500 0.037500
3 0.126172 0.055556 0.019531 0.025000
3 0.899609 0.091667 0.017969 0.025000
1 0.748437 0.104167 0.045312 0.050000
3 0.312500 0.159722 0.101562 0.097222
1 0.714453 0.091667 0.025781 0.041667
1 0.827734 0.054861 0.017969 0.018056
1 0.108203 0.269444 0.096094 0.105556
3 0.678516 0.378472 0.153906 0.218056
1 0.006250 0.194444 0.012500 0.050000
3 0.576172 0.492361 0.099219 0.156944
1 0.675000 0.044444 0.032813 0.030556
1 0.006250 0.538889 0.012500 0.080556
