3 0.666016 0.107639 0.058594 0.054167
1 0.046094 0.345139 0.092188 0.120833
1 0.783984 0.065972 0.033594 0.048611
0 0.302344 0.122222 0.012500 0.047222
0 0.227734 0.146528 0.008594 0.043056
0 0.269531 0.124306 0.010937 0.043056
1 0.893359 0.128472 0.025781 0.034722
1 0.836328 0.165278 0.035156 0.047222
3 0.314844 0.068750 0.056250 0.040278
3 0.757422 0.161806 0.058594 0.065278
3 0.408984 0.130556 0.089844 0.072222
1 0.195703 0.223611 0.088281 0.080556
3 0.791016 0.065972 0.033594 0.048611
1 0.733203 0.087500 0.038281 0.038889
3 0.191016 0.509028 0.202344 0.226389
1 0.006250 0.547917 0.012500 0.098611
