3 0.430078 0.126389 0.053906 0.061111
3 0.699609 0.097222 0.047656 0.050000
1 0.377734 0.019444 0.060156 0.033333
1 0.928516 0.105556 0.014844 0.025000
1 0.598047 0.079861 0.047656 0.045833
1 0.785937 0.072917 0.028125 0.043056
1 0.815234 0.059028 0.024219 0.023611
0 0.070703 0.223611 0.010156 0.052778
0 0.058594 0.238194 0.014063 0.051389
1 0.499609 0.425694 0.142969 0.134722
0 0.826953 0.899306 0.050781 0.173611
1 0.485547 0.623611 0.163281 0.222222
3 0.489453 0.133333 0.142969 0.094444
3 0.053125 0.754861 0.106250 0.268056
