3 0.518750 0.204167 0.073438 0.102778
1 0.833984 0.073611 0.019531 0.027778
1 0.641797 0.110417 0.053906 0.059722
1 0.411328 0.066667 0.055469 0.038889
1 0.301563 0.069444 0.045312 0.036111
1 0.016797 0.224306 0.033594 0.065278
1 0.055859 0.195833 0.033594 0.052778
1 0.077734 0.155556 0.032031 0.047222
1 0.418750 0.157639 0.075000 0.062500
0 0.925391 0.245139 0.011719 0.045833
1 0.050000 0.142361 0.025000 0.029167
3 0.619141 0.234722 0.052344 0.108333
3 0.219531 0.213889 0.101562 0.086111
3 0.518750 0.204861 0.071875 0.101389
