3 0.613672 0.191667 0.053906 0.088889
1 0.751953 0.084028 0.028906 0.037500
3 0.122656 0.264583 0.120313 0.118056
1 0.101562 0.177778 0.035937 0.052778
1 0.929297 0.098611 0.014844 0.025000
1 0.700391 0.095833 0.042969 0.047222
1 0.903516 0.121528 0.021094 0.031944
1 0.781250 0.059028 0.023438 0.029167
1 0.802734 0.088889 0.027344 0.030556
1 0.183203 0.067361 0.027344 0.026389
3 0.829297 0.125694 0.033594 0.043056
3 0.799219 0.194444 0.050000 0.066667
3 0.612891 0.191667 0.053906 0.088889
1 0.285156 0.069444 0.042188 0.033333
0 0.511328 0.100000 0.017969 0.044444
