3 0.854297 0.738889 0.169531 0.241667
1 0.146484 0.166667 0.041406 0.050000
3 0.234766 0.263194 0.072656 0.093056
1 0.776953 0.071528 0.033594 0.051389
1 0.911719 0.793750 0.175000 0.273611
1 0.216797 0.377083 0.089844 0.120833
1 0.066797 0.215278 0.039844 0.061111
3 0.146875 0.071528 0.029687 0.037500
3 0.155078 0.125000 0.036719 0.047222
1 0.027734 0.161111 0.028906 0.050000
3 0.224609 0.111111 0.041406 0.044444
3 0.225000 0.110417 0.042188 0.045833
3 0.070312 0.140972 0.035937 0.068056
1 0.008594 0.201389 0.017188 0.047222
1 0.007031 0.138889 0.014063 0.033333
1 0.013672 0.493750 0.027344 0.156944
3 0.492578 0.154861 0.117969 0.090278
