3 0.700000 0.122917 0.050000 0.056944
1 0.126562 0.298611 0.093750 0.108333
1 0.285547 0.179861 0.082031 0.079167
1 0.756641 0.083333 0.028906 0.033333
3 0.163281 0.068056 0.031250 0.033333
1 0.264453 0.070833 0.044531 0.038889
3 0.592578 0.090278 0.099219 0.077778
1 0.659375 0.065278 0.037500 0.036111
1 0.100391 0.177083 0.035156 0.051389
1 0.544141 0.088889 0.033594 0.044444
1 0.525391 0.384028 0.125781 0.134722
1 0.722266 0.090278 0.036719 0.038889
3 0.106641 0.595833 0.174219 0.183333
1 0.993359 0.099306 0.011719 0.045833
