0 0.702344 0.131250 0.009375 0.045833
1 0.241797 0.072222 0.027344 0.030556
1 0.123047 0.085417 0.022656 0.026389
1 0.092188 0.239583 0.046875 0.068056
1 0.721484 0.670139 0.219531 0.254167
1 0.653906 0.084028 0.039062 0.040278
1 0.941016 0.607639 0.116406 0.148611
3 0.222656 0.359028 0.125000 0.159722
3 0.346484 0.127778 0.108594 0.113889
3 0.671875 0.214583 0.148438 0.165278
1 0.137109 0.192361 0.049219 0.081944
1 0.415234 0.107639 0.036719 0.043056
1 0.796094 0.270833 0.093750 0.077778
1 0.086719 0.077083 0.014063 0.026389
1 0.178906 0.102083 0.034375 0.037500
3 0.871484 0.235417 0.066406 0.090278
