3 0.642578 0.113889 0.055469 0.061111
1 0.796875 0.059028 0.020313 0.023611
0 0.390625 0.051389 0.009375 0.030556
1 0.706641 0.088194 0.041406 0.040278
1 0.571094 0.057639 0.045312 0.034722
1 0.501172 0.063194 0.053906 0.037500
1 0.016797 0.225694 0.033594 0.070833
3 0.414844 0.156250 0.090625 0.081944
1 0.051562 0.193056 0.031250 0.050000
0 0.941797 0.239583 0.013281 0.076389
1 0.046094 0.127778 0.021875 0.036111
1 0.780078 0.051389 0.016406 0.019444
0 0.923047 0.243750 0.010156 0.054167
3 0.663672 0.075694 0.047656 0.048611
1 0.004687 0.102083 0.009375 0.018056
1 0.223047 0.354861 0.141406 0.140278
3 0.046484 0.354167 0.092969 0.136111
