3 0.982031 0.855556 0.034375 0.186111
1 0.146094 0.166667 0.040625 0.050000
3 0.267969 0.285417 0.082812 0.104167
1 0.772266 0.070833 0.032031 0.050000
1 0.253906 0.415972 0.107813 0.140278
1 0.075000 0.223611 0.042188 0.063889
3 0.137500 0.069444 0.028125 0.036111
3 0.138281 0.069444 0.028125 0.036111
3 0.156641 0.125694 0.042969 0.051389
1 0.031250 0.163194 0.029687 0.054167
3 0.207031 0.107639 0.043750 0.048611
3 0.629297 0.086111 0.053906 0.052778
3 0.156250 0.125000 0.042188 0.050000
3 0.076172 0.145833 0.035156 0.072222
1 0.012109 0.209028 0.024219 0.056944
1 0.007422 0.140972 0.014844 0.034722
3 0.451562 0.140972 0.110937 0.081944
