0 0.824609 0.188889 0.014844 0.050000
1 0.135156 0.275694 0.057813 0.095833
1 0.782422 0.059722 0.021094 0.027778
1 0.432031 0.565972 0.171875 0.209722
1 0.282422 0.307639 0.086719 0.098611
1 0.322656 0.086806 0.046875 0.037500
3 0.380469 0.785417 0.281250 0.406944
3 0.144531 0.074306 0.023438 0.029167
1 0.633594 0.229861 0.090625 0.076389
1 0.708203 0.219444 0.083594 0.077778
3 0.060937 0.297917 0.064062 0.134722
1 0.140625 0.203472 0.045312 0.056944
1 0.523047 0.227778 0.089844 0.075000
3 0.055078 0.136806 0.033594 0.065278
