3 0.662891 0.106250 0.047656 0.051389
1 0.716016 0.055556 0.025781 0.030556
0 0.385547 0.093056 0.008594 0.041667
0 0.314063 0.114583 0.009375 0.043056
0 0.339453 0.097917 0.010156 0.034722
1 0.743359 0.105556 0.046094 0.050000
3 0.206641 0.211111 0.105469 0.100000
1 0.715234 0.091667 0.027344 0.041667
1 0.650781 0.045139 0.037500 0.034722
3 0.458984 0.102778 0.091406 0.094444
1 0.817578 0.055556 0.019531 0.022222
1 0.019531 0.325000 0.039062 0.086111
3 0.783203 0.274306 0.091406 0.143056
1 0.008594 0.201389 0.017188 0.058333
3 0.734375 0.338194 0.060937 0.098611
0 0.369531 0.095139 0.010937 0.037500
3 0.771484 0.290278 0.122656 0.183333
3 0.341406 0.450000 0.196875 0.194444
1 0.006250 0.548611 0.012500 0.097222
