3 0.105859 0.256944 0.099219 0.102778
1 0.377344 0.018056 0.056250 0.036111
1 0.402344 0.137500 0.075000 0.069444
1 0.147266 0.061806 0.021094 0.026389
1 0.782813 0.066667 0.034375 0.055556
1 0.816016 0.056944 0.022656 0.022222
0 0.121484 0.196528 0.013281 0.056944
1 0.806641 0.193056 0.042969 0.058333
0 0.905469 0.715972 0.046875 0.140278
1 0.861328 0.209028 0.033594 0.062500
3 0.694922 0.262500 0.094531 0.116667
1 0.529687 0.120833 0.056250 0.055556
1 0.630469 0.243750 0.082812 0.079167
0 0.048438 0.237500 0.014063 0.050000
0 0.845703 0.906250 0.049219 0.137500
1 0.562500 0.090278 0.045312 0.038889
1 0.092969 0.332639 0.110937 0.093056
