3 0.745313 0.234028 0.114062 0.098611
3 0.806250 0.668056 0.187500 0.247222
1 0.750391 0.086111 0.032031 0.044444
1 0.881641 0.921528 0.199219 0.154167
1 0.189062 0.346528 0.082812 0.112500
3 0.098828 0.065972 0.019531 0.026389
1 0.065625 0.202778 0.042188 0.069444
3 0.605078 0.076389 0.039844 0.041667
3 0.176563 0.075694 0.032813 0.045833
3 0.177734 0.136806 0.047656 0.056944
3 0.139453 0.193056 0.061719 0.108333
1 0.075781 0.329167 0.057813 0.105556
1 0.019922 0.161111 0.024219 0.036111
1 0.651172 0.242361 0.097656 0.076389
1 0.177344 0.136111 0.046875 0.061111
3 0.830469 0.381250 0.139063 0.131944
1 0.007422 0.139583 0.014844 0.031944
