1 0.146484 0.161806 0.039844 0.043056
1 0.878125 0.915278 0.239063 0.166667
3 0.151953 0.206944 0.050781 0.072222
1 0.792578 0.072222 0.030469 0.036111
1 0.461328 0.446528 0.155469 0.190278
1 0.127734 0.279861 0.057031 0.084722
1 0.042969 0.186806 0.031250 0.048611
3 0.185156 0.077083 0.035937 0.037500
3 0.143359 0.084028 0.032031 0.040278
1 0.016797 0.147917 0.025781 0.040278
3 0.379297 0.101389 0.055469 0.036111
3 0.327344 0.139583 0.067187 0.062500
3 0.662891 0.070833 0.052344 0.055556
3 0.327734 0.138889 0.067969 0.063889
1 0.957031 0.427778 0.084375 0.194444
3 0.683203 0.236806 0.149219 0.120833
