1 0.151562 0.168750 0.039062 0.051389
3 0.130859 0.084722 0.024219 0.036111
3 0.598047 0.077778 0.038281 0.041667
3 0.701953 0.095139 0.049219 0.056944
1 0.150391 0.126389 0.025781 0.030556
1 0.443750 0.322917 0.129688 0.106944
1 0.182031 0.065278 0.023438 0.033333
1 0.660547 0.072917 0.038281 0.051389
1 0.081250 0.126389 0.020313 0.038889
1 0.699219 0.648611 0.210938 0.241667
3 0.268359 0.094444 0.099219 0.094444
3 0.331641 0.106250 0.063281 0.062500
1 0.863672 0.534722 0.157031 0.152778
1 0.163672 0.055556 0.021094 0.027778
1 0.761719 0.255556 0.090625 0.075000
1 0.421875 0.070833 0.053125 0.038889
