1 0.102734 0.180556 0.038281 0.058333
1 0.880078 0.733333 0.144531 0.277778
3 0.076563 0.161111 0.031250 0.050000
2 0.017188 0.189583 0.034375 0.134722
1 0.871484 0.070833 0.014844 0.019444
1 0.101562 0.461111 0.131250 0.141667
1 0.397266 0.064583 0.066406 0.045833
3 0.035547 0.362500 0.071094 0.108333
1 0.217188 0.209722 0.087500 0.088889
1 0.882031 0.734722 0.153125 0.291667
1 0.130469 0.156944 0.037500 0.047222
3 0.599609 0.095833 0.060156 0.052778
3 0.491797 0.253472 0.074219 0.118056
3 0.766797 0.059028 0.030469 0.034722
