0 0.821484 0.190278 0.016406 0.055556
1 0.143750 0.284722 0.064062 0.102778
1 0.778516 0.061111 0.024219 0.030556
1 0.475391 0.605556 0.186719 0.227778
1 0.302734 0.322917 0.096094 0.104167
1 0.312891 0.085417 0.046094 0.037500
3 0.438672 0.815972 0.314844 0.359722
3 0.139844 0.072917 0.021875 0.026389
1 0.611328 0.219444 0.091406 0.077778
1 0.682422 0.208333 0.082031 0.075000
3 0.068359 0.308333 0.067969 0.144444
1 0.148438 0.209028 0.048438 0.059722
1 0.503906 0.218750 0.090625 0.073611
3 0.057031 0.136806 0.035937 0.068056
1 0.941016 0.393750 0.116406 0.098611
