1 0.148047 0.166667 0.039844 0.050000
3 0.188672 0.143750 0.050781 0.056944
3 0.077344 0.123611 0.026562 0.036111
3 0.600391 0.074306 0.038281 0.037500
3 0.703516 0.095139 0.049219 0.051389
1 0.080078 0.059028 0.016406 0.023611
1 0.207031 0.067361 0.040625 0.048611
1 0.685547 0.425000 0.149219 0.136111
1 0.392969 0.532639 0.175000 0.231944
2 0.129297 0.060417 0.032031 0.045833
1 0.711719 0.071528 0.034375 0.034722
1 0.374609 0.155556 0.075781 0.075000
1 0.641797 0.193750 0.083594 0.065278
1 0.375391 0.154167 0.075781 0.077778
1 0.311328 0.079861 0.060156 0.054167
1 0.661328 0.069444 0.038281 0.038889
