3 0.480859 0.127083 0.083594 0.065278
1 0.149219 0.165972 0.037500 0.048611
1 0.768359 0.052778 0.025781 0.025000
1 0.735547 0.850694 0.257031 0.293056
1 0.149219 0.288194 0.075000 0.118056
3 0.599609 0.076389 0.041406 0.041667
3 0.183984 0.139583 0.049219 0.059722
3 0.342578 0.336111 0.153906 0.216667
1 0.474609 0.849306 0.250781 0.295833
1 0.047656 0.195833 0.034375 0.052778
1 0.378906 0.133333 0.060937 0.050000
1 0.184375 0.139583 0.048438 0.062500
3 0.456641 0.186111 0.100781 0.083333
1 0.021094 0.156944 0.023438 0.038889
3 0.726953 0.086111 0.041406 0.055556
1 0.797266 0.311806 0.094531 0.095833
