3 0.678906 0.102778 0.056250 0.055556
1 0.603516 0.092361 0.047656 0.048611
1 0.784375 0.065972 0.035937 0.051389
0 0.240625 0.147222 0.010937 0.047222
0 0.969141 0.494444 0.021094 0.088889
3 0.928125 0.095833 0.020313 0.030556
0 0.165234 0.170139 0.013281 0.045833
0 0.950391 0.552083 0.027344 0.051389
0 0.229297 0.150694 0.013281 0.045833
1 0.823828 0.126389 0.030469 0.041667
1 0.412891 0.132639 0.074219 0.056944
1 0.327734 0.199306 0.086719 0.076389
3 0.912109 0.156944 0.025781 0.047222
1 0.773438 0.225694 0.062500 0.068056
1 0.516016 0.409028 0.130469 0.131944
0 0.220703 0.147917 0.011719 0.043056
3 0.659766 0.061111 0.046094 0.038889
1 0.006250 0.549306 0.012500 0.093056
