1 0.916016 0.104861 0.019531 0.026389
1 0.928906 0.100000 0.015625 0.025000
1 0.104688 0.181250 0.037500 0.059722
1 0.694141 0.122222 0.052344 0.063889
1 0.783203 0.051389 0.022656 0.019444
3 0.079297 0.161806 0.035156 0.054167
2 0.019141 0.199306 0.038281 0.123611
3 0.518359 0.119444 0.075781 0.069444
1 0.248047 0.234722 0.089844 0.083333
1 0.869141 0.144444 0.027344 0.041667
3 0.748437 0.065972 0.021875 0.034722
3 0.627734 0.070139 0.046094 0.045833
1 0.773047 0.212500 0.049219 0.066667
3 0.429297 0.125000 0.085156 0.069444
1 0.008984 0.549306 0.017969 0.093056
3 0.706641 0.194444 0.058594 0.063889
