0 0.508203 0.083333 0.011719 0.041667
1 0.103906 0.078472 0.034375 0.037500
3 0.544922 0.091667 0.011719 0.041667
1 0.103516 0.079167 0.036719 0.038889
1 0.641797 0.079861 0.044531 0.062500
3 0.064062 0.076389 0.035937 0.038889
1 0.174609 0.100694 0.027344 0.031944
0 0.555859 0.093750 0.010156 0.043056
1 0.063672 0.152083 0.027344 0.043056
3 0.048047 0.111111 0.019531 0.033333
1 0.028516 0.119444 0.017969 0.027778
3 0.008594 0.115278 0.017188 0.086111
1 0.045703 0.065278 0.022656 0.030556
1 0.735547 0.462500 0.158594 0.147222
