3 0.665625 0.107639 0.054688 0.054167
0 0.333984 0.108333 0.007031 0.041667
0 0.265234 0.136806 0.014844 0.037500
1 0.894922 0.125000 0.019531 0.033333
0 0.296875 0.113194 0.010937 0.040278
3 0.201172 0.064583 0.032031 0.034722
3 0.851953 0.111806 0.027344 0.040278
3 0.100781 0.276389 0.112500 0.113889
1 0.780078 0.079167 0.039844 0.075000
3 0.575000 0.078472 0.054688 0.051389
1 0.723828 0.089583 0.038281 0.040278
3 0.678516 0.203472 0.085156 0.104167
3 0.679688 0.050694 0.043750 0.054167
1 0.005859 0.547917 0.011719 0.095833
