3 0.664844 0.107639 0.054688 0.054167
0 0.326953 0.112500 0.010156 0.047222
0 0.255859 0.138194 0.011719 0.037500
0 0.313281 0.114583 0.010937 0.043056
1 0.916797 0.109722 0.017969 0.025000
1 0.883984 0.131250 0.022656 0.034722
0 0.290234 0.115278 0.011719 0.044444
3 0.836328 0.120833 0.033594 0.044444
3 0.181641 0.229167 0.108594 0.102778
3 0.605859 0.070833 0.050781 0.044444
1 0.726172 0.090972 0.039844 0.037500
3 0.606641 0.242361 0.108594 0.120833
3 0.700391 0.049306 0.042969 0.051389
3 0.536719 0.118750 0.073438 0.056944
1 0.006250 0.549306 0.012500 0.095833
