3 0.498437 0.354167 0.082812 0.169444
1 0.803516 0.087500 0.024219 0.030556
1 0.577344 0.143750 0.062500 0.079167
1 0.320703 0.071528 0.049219 0.037500
1 0.017578 0.225000 0.035156 0.069444
1 0.055859 0.197222 0.030469 0.047222
0 0.939453 0.258333 0.011719 0.055556
1 0.091016 0.164583 0.033594 0.051389
1 0.035547 0.363194 0.071094 0.104167
0 0.925391 0.243750 0.011719 0.056944
1 0.062891 0.149306 0.024219 0.031944
3 0.709766 0.468750 0.141406 0.215278
3 0.497656 0.353472 0.081250 0.165278
3 0.714844 0.079167 0.048438 0.069444
1 0.709766 0.467361 0.141406 0.218056
1 0.016406 0.463194 0.032813 0.079167
1 0.319141 0.267361 0.107031 0.112500
