1 0.876953 0.113889 0.024219 0.030556
1 0.908203 0.113194 0.019531 0.034722
1 0.696875 0.121528 0.050000 0.059722
1 0.944141 0.111111 0.016406 0.027778
3 0.082812 0.161806 0.040625 0.051389
2 0.128125 0.231250 0.234375 0.229167
2 0.018359 0.197222 0.036719 0.119444
1 0.507422 0.130556 0.061719 0.055556
1 0.800391 0.200000 0.044531 0.061111
1 0.377734 0.018750 0.058594 0.034722
3 0.784766 0.058333 0.025781 0.030556
3 0.692578 0.060417 0.042969 0.037500
1 0.555078 0.377083 0.117969 0.126389
3 0.559766 0.086111 0.063281 0.052778
1 0.765234 0.050694 0.019531 0.023611
3 0.413672 0.377083 0.141406 0.118056
