3 0.665625 0.106250 0.054688 0.054167
1 0.692578 0.057639 0.035156 0.034722
0 0.323828 0.111806 0.011719 0.045833
0 0.323828 0.111806 0.010156 0.043056
1 0.845703 0.050694 0.016406 0.020833
0 0.348047 0.098611 0.008594 0.038889
3 0.871875 0.102083 0.026562 0.037500
3 0.115625 0.262500 0.112500 0.111111
1 0.714063 0.090972 0.028125 0.040278
3 0.116016 0.262500 0.111719 0.111111
3 0.387891 0.122917 0.105469 0.109722
1 0.809375 0.056250 0.020313 0.023611
1 0.010547 0.206250 0.021094 0.059722
1 0.633203 0.047917 0.036719 0.034722
3 0.820703 0.236806 0.086719 0.140278
3 0.538672 0.322917 0.141406 0.140278
1 0.006250 0.549306 0.012500 0.095833
