3 0.647266 0.150000 0.060156 0.066667
1 0.754297 0.085417 0.030469 0.031944
1 0.260156 0.188889 0.085938 0.086111
3 0.472656 0.114583 0.082812 0.065278
1 0.101562 0.177778 0.034375 0.050000
1 0.072266 0.063194 0.013281 0.018056
1 0.900391 0.115972 0.021094 0.031944
1 0.717578 0.093056 0.038281 0.038889
3 0.832422 0.127778 0.030469 0.038889
1 0.841016 0.175000 0.033594 0.047222
1 0.809766 0.057639 0.019531 0.023611
1 0.292187 0.075694 0.046875 0.029167
3 0.333203 0.196528 0.116406 0.098611
1 0.848828 0.075694 0.019531 0.026389
3 0.654297 0.213194 0.086719 0.090278
3 0.537109 0.386111 0.146094 0.147222
1 0.260156 0.188889 0.085938 0.086111
