1 0.150781 0.169444 0.037500 0.047222
3 0.192578 0.141667 0.044531 0.061111
3 0.598047 0.078472 0.038281 0.037500
3 0.701953 0.096528 0.047656 0.051389
1 0.140234 0.123611 0.028906 0.038889
1 0.595703 0.381250 0.144531 0.126389
1 0.424609 0.069444 0.046094 0.036111
1 0.660937 0.072222 0.035937 0.050000
1 0.601953 0.169444 0.075781 0.063889
3 0.208594 0.093056 0.067187 0.083333
1 0.080859 0.125694 0.025781 0.037500
1 0.035547 0.170833 0.028906 0.047222
1 0.019141 0.215278 0.038281 0.075000
1 0.378516 0.097222 0.057031 0.050000
