1 0.151562 0.168750 0.039062 0.051389
3 0.144922 0.088889 0.025781 0.036111
3 0.598047 0.078472 0.036719 0.037500
3 0.701953 0.095833 0.047656 0.052778
1 0.150781 0.125694 0.023438 0.031944
1 0.479297 0.333333 0.132031 0.111111
1 0.192188 0.067361 0.026562 0.031944
1 0.661328 0.073611 0.038281 0.047222
1 0.081250 0.126389 0.020313 0.036111
1 0.474219 0.479167 0.168750 0.183333
3 0.296484 0.105556 0.107031 0.105556
3 0.387109 0.122917 0.075781 0.070833
1 0.878516 0.545139 0.158594 0.154167
1 0.846484 0.302083 0.091406 0.084722
1 0.423828 0.070833 0.050781 0.038889
1 0.377344 0.018750 0.057813 0.034722
1 0.091016 0.079167 0.017969 0.030556
