3 0.899219 0.709028 0.200000 0.279167
1 0.489453 0.137500 0.071094 0.058333
1 0.101562 0.177778 0.035937 0.052778
1 0.544531 0.168750 0.059375 0.084722
3 0.793750 0.060417 0.023438 0.029167
1 0.770703 0.080556 0.027344 0.033333
1 0.694922 0.097917 0.036719 0.045833
1 0.668359 0.143750 0.050781 0.056944
1 0.792578 0.089583 0.028906 0.037500
3 0.900000 0.709722 0.198437 0.283333
1 0.136328 0.062500 0.019531 0.019444
1 0.662891 0.083333 0.039844 0.036111
1 0.045312 0.092361 0.014063 0.020833
1 0.529297 0.099306 0.055469 0.040278
1 0.683984 0.059722 0.036719 0.036111
