3 0.676172 0.134722 0.057031 0.066667
1 0.753906 0.084028 0.028125 0.034722
3 0.098047 0.064583 0.025781 0.029167
3 0.405859 0.155556 0.164844 0.122222
1 0.588672 0.081944 0.049219 0.044444
3 0.653906 0.082639 0.054688 0.048611
1 0.102734 0.178472 0.033594 0.048611
0 0.148047 0.177083 0.013281 0.040278
1 0.158594 0.070833 0.025000 0.033333
1 0.784375 0.200694 0.046875 0.065278
1 0.720703 0.092361 0.038281 0.043056
3 0.579297 0.279167 0.096094 0.088889
1 0.347656 0.571528 0.187500 0.184722
0 0.241797 0.045139 0.007031 0.026389
1 0.825391 0.056944 0.019531 0.022222
1 0.799609 0.058333 0.019531 0.022222
1 0.574609 0.059722 0.046094 0.033333
