0 0.532422 0.088194 0.013281 0.048611
1 0.169141 0.092361 0.030469 0.043056
3 0.573047 0.097917 0.011719 0.043056
1 0.250781 0.074306 0.031250 0.034722
1 0.643359 0.088194 0.042969 0.045833
1 0.007031 0.427083 0.014063 0.068056
3 0.071094 0.068750 0.037500 0.037500
3 0.943359 0.116667 0.017969 0.030556
3 0.121094 0.061806 0.031250 0.043056
1 0.714063 0.056250 0.028125 0.034722
1 0.328125 0.152083 0.059375 0.045833
0 0.591797 0.100000 0.010156 0.044444
1 0.023047 0.119444 0.024219 0.027778
1 0.768750 0.480556 0.156250 0.150000
