3 0.653516 0.110417 0.055469 0.059722
1 0.845703 0.050694 0.017969 0.018056
0 0.430859 0.080556 0.013281 0.038889
3 0.376172 0.017361 0.057031 0.034722
1 0.626953 0.054167 0.035156 0.027778
1 0.706641 0.089583 0.042969 0.045833
1 0.617188 0.055556 0.018750 0.022222
0 0.443750 0.073611 0.009375 0.038889
1 0.572656 0.056250 0.045312 0.037500
3 0.894922 0.144444 0.032031 0.050000
1 0.017188 0.224306 0.034375 0.076389
1 0.851172 0.118056 0.022656 0.030556
1 0.806641 0.056944 0.021094 0.025000
0 0.400000 0.090972 0.009375 0.043056
3 0.196094 0.258333 0.121875 0.116667
1 0.557422 0.111806 0.058594 0.048611
0 0.936328 0.216667 0.010156 0.041667
3 0.083984 0.602083 0.167969 0.198611
1 0.023828 0.519444 0.047656 0.097222
