3 0.653125 0.110417 0.053125 0.056944
1 0.846875 0.051389 0.015625 0.019444
0 0.444141 0.073611 0.011719 0.050000
3 0.376953 0.017361 0.058594 0.034722
1 0.704297 0.094444 0.047656 0.044444
1 0.676953 0.075000 0.039844 0.036111
1 0.626172 0.053472 0.039844 0.029167
0 0.433203 0.065278 0.007031 0.033333
1 0.573828 0.055556 0.046094 0.038889
3 0.933984 0.105556 0.019531 0.038889
1 0.016797 0.225000 0.033594 0.066667
1 0.898828 0.094444 0.013281 0.019444
1 0.814453 0.054861 0.021094 0.023611
0 0.405078 0.085417 0.011719 0.040278
1 0.197266 0.260417 0.097656 0.093056
0 0.933203 0.225694 0.013281 0.045833
3 0.695703 0.197917 0.066406 0.073611
3 0.844141 0.051389 0.014844 0.016667
2 0.375781 0.018750 0.056250 0.034722
1 0.057813 0.509028 0.115625 0.173611
