3 0.542578 0.172917 0.069531 0.084722
1 0.843359 0.068056 0.017969 0.025000
1 0.660547 0.104861 0.049219 0.054167
1 0.450391 0.066667 0.053906 0.033333
1 0.333984 0.070833 0.053906 0.041667
1 0.017188 0.225000 0.034375 0.066667
1 0.055859 0.196528 0.032031 0.048611
0 0.939453 0.255556 0.013281 0.050000
1 0.071875 0.152083 0.031250 0.043056
1 0.532031 0.119444 0.059375 0.052778
0 0.923828 0.242361 0.010156 0.048611
3 0.052344 0.329861 0.104688 0.170833
1 0.046484 0.139583 0.021094 0.023611
3 0.625781 0.188194 0.056250 0.090278
3 0.393750 0.140278 0.089063 0.069444
