3 0.057031 0.295139 0.100000 0.112500
3 0.698438 0.097917 0.043750 0.045833
1 0.673047 0.082639 0.035156 0.034722
1 0.367578 0.147222 0.078906 0.072222
1 0.138672 0.061806 0.017969 0.023611
1 0.781641 0.065278 0.035156 0.055556
1 0.816797 0.056944 0.021094 0.022222
0 0.127344 0.198611 0.014063 0.055556
1 0.820703 0.180556 0.039844 0.055556
0 0.915234 0.701389 0.039844 0.127778
1 0.873828 0.194444 0.033594 0.058333
3 0.725781 0.235417 0.084375 0.098611
1 0.498828 0.131250 0.064844 0.062500
1 0.666016 0.224306 0.074219 0.076389
0 0.053906 0.234722 0.015625 0.050000
0 0.851953 0.876389 0.047656 0.130556
1 0.541016 0.096528 0.044531 0.040278
1 0.039062 0.372917 0.078125 0.079167
0 0.120313 0.201389 0.010937 0.055556
