3 0.664844 0.104861 0.054688 0.056944
1 0.100781 0.309028 0.100000 0.115278
1 0.783984 0.065278 0.033594 0.050000
0 0.223047 0.148611 0.013281 0.044444
0 0.283203 0.127778 0.010156 0.044444
1 0.889453 0.131250 0.022656 0.034722
1 0.829297 0.174306 0.036719 0.051389
3 0.331250 0.068750 0.059375 0.043056
3 0.741016 0.168750 0.061719 0.070833
3 0.433984 0.122917 0.085156 0.070833
1 0.230859 0.206250 0.086719 0.076389
1 0.734375 0.088889 0.035937 0.033333
3 0.110547 0.568750 0.203906 0.243056
1 0.005469 0.543056 0.010937 0.083333
