1 0.145703 0.165278 0.038281 0.047222
3 0.165234 0.216667 0.052344 0.072222
1 0.789844 0.066667 0.031250 0.047222
1 0.535156 0.504167 0.171875 0.213889
1 0.140234 0.293056 0.061719 0.088889
1 0.046094 0.191667 0.031250 0.050000
3 0.176172 0.073611 0.033594 0.038889
3 0.176563 0.074306 0.034375 0.040278
1 0.017969 0.149306 0.026562 0.043056
3 0.357422 0.100694 0.050781 0.048611
3 0.301953 0.132639 0.057031 0.056944
3 0.388281 0.124306 0.079687 0.070833
3 0.662109 0.073611 0.053906 0.052778
3 0.302344 0.132639 0.057813 0.056944
1 0.922266 0.453472 0.130469 0.126389
3 0.055078 0.130556 0.033594 0.061111
3 0.639844 0.214583 0.145313 0.112500
