1 0.156250 0.172222 0.039062 0.050000
3 0.598828 0.078472 0.039844 0.043056
3 0.701953 0.095833 0.049219 0.055556
1 0.153516 0.127083 0.027344 0.034722
1 0.660547 0.077083 0.038281 0.048611
1 0.138281 0.087500 0.021875 0.033333
1 0.082422 0.127778 0.021094 0.036111
1 0.708203 0.073611 0.035156 0.036111
1 0.049219 0.396528 0.098437 0.101389
1 0.797266 0.061111 0.021094 0.025000
1 0.354297 0.076389 0.052344 0.033333
3 0.622266 0.411806 0.192969 0.181944
1 0.376953 0.018056 0.058594 0.036111
1 0.454297 0.191667 0.092969 0.080556
