0 0.732422 0.145833 0.011719 0.044444
1 0.191016 0.104861 0.033594 0.037500
1 0.041016 0.181944 0.030469 0.047222
1 0.201953 0.254861 0.066406 0.084722
1 0.670703 0.079861 0.039844 0.037500
1 0.558203 0.193056 0.038281 0.052778
3 0.083594 0.221528 0.045312 0.087500
3 0.651953 0.250000 0.197656 0.213889
1 0.928516 0.298611 0.080469 0.086111
0 0.744922 0.152083 0.010156 0.054167
3 0.651953 0.249306 0.197656 0.212500
1 0.128906 0.086806 0.021875 0.029167
3 0.894531 0.729861 0.209375 0.406944
1 0.295703 0.134722 0.053906 0.050000
