1 0.151562 0.170139 0.037500 0.045833
3 0.175391 0.079861 0.028906 0.034722
3 0.598047 0.077083 0.038281 0.040278
3 0.701953 0.095833 0.049219 0.055556
1 0.150391 0.125694 0.027344 0.037500
1 0.527734 0.352083 0.138281 0.118056
1 0.422266 0.070833 0.052344 0.038889
1 0.191406 0.061111 0.021875 0.027778
1 0.660156 0.076389 0.037500 0.044444
1 0.257812 0.077778 0.031250 0.033333
1 0.082422 0.125000 0.019531 0.033333
1 0.477734 0.610417 0.196094 0.245833
1 0.108594 0.193056 0.040625 0.055556
1 0.710547 0.071528 0.032031 0.031944
3 0.496094 0.122222 0.106250 0.091667
3 0.625000 0.236111 0.192188 0.191667
3 0.844141 0.323611 0.127344 0.136111
