3 0.625000 0.104861 0.010937 0.040278
1 0.116797 0.081944 0.022656 0.027778
1 0.102734 0.252083 0.052344 0.073611
1 0.848437 0.772222 0.218750 0.277778
1 0.651563 0.084722 0.040625 0.041667
1 0.938281 0.601389 0.121875 0.150000
1 0.389844 0.102083 0.042188 0.045833
3 0.258203 0.390278 0.141406 0.177778
3 0.321484 0.120139 0.097656 0.106944
1 0.835547 0.738194 0.178906 0.201389
3 0.624609 0.192361 0.142969 0.154167
1 0.150781 0.202778 0.053125 0.086111
1 0.388281 0.102083 0.040625 0.043056
1 0.757422 0.250000 0.091406 0.075000
1 0.083203 0.075694 0.016406 0.023611
1 0.169531 0.097222 0.029687 0.030556
3 0.868359 0.229167 0.057031 0.086111
