1 0.215625 0.034722 0.034375 0.038889
1 0.485547 0.637500 0.199219 0.241667
1 0.644141 0.086111 0.042969 0.044444
1 0.861328 0.545139 0.163281 0.154167
3 0.162500 0.079861 0.046875 0.065278
1 0.620703 0.542361 0.192969 0.281944
1 0.415234 0.113889 0.058594 0.044444
3 0.335547 0.145139 0.080469 0.081944
3 0.286719 0.088194 0.065625 0.084722
3 0.875391 0.173611 0.036719 0.061111
3 0.550391 0.160417 0.144531 0.134722
3 0.671094 0.197222 0.106250 0.091667
1 0.093359 0.072222 0.022656 0.038889
1 0.105078 0.245833 0.064844 0.097222
