3 0.641797 0.114583 0.055469 0.062500
1 0.793359 0.059722 0.021094 0.025000
0 0.389453 0.051389 0.008594 0.030556
1 0.710156 0.088194 0.048438 0.043056
1 0.569141 0.057639 0.046094 0.034722
1 0.498828 0.063194 0.052344 0.037500
1 0.017188 0.225000 0.034375 0.069444
3 0.392969 0.165278 0.093750 0.083333
1 0.051953 0.193056 0.032031 0.050000
0 0.941797 0.240278 0.014844 0.083333
1 0.046875 0.128472 0.021875 0.037500
0 0.923047 0.243750 0.010156 0.054167
3 0.653516 0.088194 0.047656 0.068056
1 0.005078 0.102778 0.010156 0.019444
1 0.223047 0.354861 0.139844 0.137500
3 0.031250 0.362500 0.062500 0.119444
