3 0.501172 0.104861 0.047656 0.051389
3 0.699609 0.094444 0.047656 0.061111
1 0.835547 0.056944 0.017969 0.022222
1 0.378125 0.018056 0.057813 0.033333
1 0.916797 0.113194 0.017969 0.029167
1 0.632812 0.074306 0.042188 0.037500
1 0.310547 0.074306 0.050781 0.037500
1 0.788672 0.072222 0.033594 0.038889
1 0.816797 0.059028 0.021094 0.020833
0 0.050781 0.229861 0.009375 0.043056
0 0.037500 0.252778 0.012500 0.055556
1 0.246484 0.631944 0.197656 0.213889
0 0.786719 0.946528 0.039062 0.098611
1 0.107031 0.927778 0.212500 0.138889
