3 0.629297 0.105556 0.008594 0.036111
1 0.112500 0.080556 0.023438 0.027778
1 0.110156 0.259722 0.053125 0.075000
1 0.650391 0.085417 0.041406 0.040278
1 0.936719 0.593056 0.125000 0.138889
1 0.373047 0.099306 0.042969 0.043056
3 0.280859 0.414583 0.161719 0.190278
0 0.719141 0.132639 0.008594 0.040278
3 0.310156 0.117361 0.100000 0.104167
1 0.888672 0.786111 0.111719 0.186111
3 0.597266 0.181250 0.136719 0.151389
1 0.155859 0.206944 0.057031 0.088889
1 0.733984 0.236111 0.091406 0.075000
3 0.771875 0.351389 0.160938 0.155556
1 0.081641 0.075694 0.014844 0.020833
1 0.164062 0.095833 0.028125 0.033333
3 0.866797 0.226389 0.053906 0.083333
1 0.030859 0.163194 0.035156 0.059722
