3 0.663672 0.106250 0.052344 0.054167
1 0.157031 0.274306 0.095312 0.106944
1 0.783984 0.065278 0.033594 0.052778
0 0.292578 0.126389 0.014844 0.047222
0 0.219922 0.149306 0.011719 0.043056
0 0.277734 0.127083 0.011719 0.043056
0 0.958203 0.522222 0.024219 0.094444
1 0.884766 0.134722 0.025781 0.038889
1 0.818359 0.179861 0.038281 0.051389
3 0.348438 0.068056 0.062500 0.041667
3 0.721875 0.178472 0.068750 0.073611
3 0.459766 0.114583 0.082031 0.065278
1 0.759766 0.041667 0.028906 0.041667
1 0.265234 0.190972 0.083594 0.070833
1 0.735547 0.087500 0.038281 0.038889
