1 0.104297 0.181250 0.035156 0.056944
1 0.687109 0.125694 0.052344 0.065278
1 0.710938 0.061111 0.028125 0.025000
3 0.078516 0.161806 0.033594 0.051389
2 0.018750 0.198611 0.037500 0.125000
1 0.926172 0.105556 0.014844 0.025000
3 0.500000 0.120139 0.084375 0.087500
1 0.898047 0.117361 0.019531 0.031944
3 0.023828 0.327083 0.047656 0.081944
1 0.032031 0.519444 0.064062 0.105556
1 0.794531 0.145139 0.037500 0.054167
1 0.233203 0.240278 0.094531 0.083333
3 0.636328 0.067361 0.049219 0.045833
3 0.273828 0.465278 0.199219 0.194444
3 0.867578 0.109028 0.021094 0.029167
