0 0.678516 0.129167 0.010156 0.036111
1 0.158203 0.050000 0.017969 0.022222
1 0.088672 0.073611 0.017969 0.033333
1 0.201172 0.356250 0.086719 0.112500
1 0.627344 0.702083 0.264062 0.256944
1 0.645703 0.086806 0.042969 0.043056
1 0.919531 0.583333 0.159375 0.158333
3 0.670312 0.784028 0.323437 0.345833
3 0.221094 0.094444 0.064062 0.083333
3 0.415234 0.118056 0.099219 0.111111
1 0.275781 0.291667 0.093750 0.141667
1 0.559766 0.159028 0.075781 0.056944
3 0.518359 0.220833 0.122656 0.108333
3 0.415234 0.117361 0.100781 0.112500
3 0.221484 0.094444 0.063281 0.083333
1 0.124609 0.085417 0.022656 0.026389
1 0.057031 0.192361 0.043750 0.070833
