3 0.674609 0.104861 0.057031 0.054167
1 0.540234 0.107639 0.058594 0.062500
1 0.783594 0.068056 0.034375 0.047222
0 0.251953 0.140972 0.013281 0.048611
3 0.933203 0.095833 0.017969 0.027778
0 0.177734 0.165972 0.014844 0.040278
0 0.240625 0.141667 0.009375 0.044444
1 0.848828 0.115972 0.025781 0.034722
1 0.318359 0.169444 0.078906 0.063889
1 0.172656 0.276389 0.093750 0.091667
3 0.921484 0.145139 0.019531 0.034722
1 0.813281 0.193750 0.045312 0.056944
1 0.634766 0.318056 0.091406 0.097222
0 0.230469 0.137500 0.009375 0.041667
3 0.544922 0.055556 0.055469 0.041667
3 0.359375 0.393056 0.182812 0.169444
