1 0.148047 0.167361 0.038281 0.048611
3 0.212891 0.247222 0.066406 0.086111
1 0.779297 0.070833 0.032031 0.050000
1 0.810937 0.710417 0.204687 0.273611
1 0.191797 0.350000 0.080469 0.108333
1 0.060937 0.208333 0.035937 0.055556
3 0.153906 0.072222 0.031250 0.036111
1 0.025781 0.157639 0.029687 0.048611
3 0.242578 0.114583 0.046094 0.048611
3 0.644531 0.079861 0.085938 0.059722
3 0.242969 0.115278 0.045312 0.047222
3 0.066797 0.138889 0.035156 0.066667
1 0.006641 0.195833 0.013281 0.038889
1 0.006250 0.138889 0.012500 0.027778
1 0.013281 0.494444 0.026562 0.155556
3 0.528125 0.167361 0.125000 0.093056
