1 0.102344 0.179861 0.039062 0.059722
3 0.076953 0.161111 0.030469 0.050000
2 0.017188 0.189583 0.034375 0.140278
1 0.866016 0.071528 0.016406 0.020833
1 0.110156 0.454167 0.132812 0.138889
1 0.362891 0.067361 0.064844 0.043056
1 0.134375 0.253472 0.092188 0.104167
1 0.974219 0.859028 0.050000 0.245833
1 0.135937 0.160417 0.035937 0.048611
3 0.565234 0.107639 0.071094 0.056944
3 0.485938 0.302778 0.070312 0.141667
1 0.005859 0.101389 0.011719 0.027778
3 0.974609 0.857639 0.049219 0.243056
3 0.753516 0.060417 0.030469 0.037500
