1 0.275000 0.303472 0.089063 0.118056
3 0.152344 0.212500 0.053125 0.075000
2 0.067187 0.307639 0.112500 0.229167
1 0.146484 0.163194 0.041406 0.043056
1 0.507031 0.634722 0.215625 0.286111
1 0.069141 0.205556 0.038281 0.050000
3 0.059766 0.140278 0.024219 0.038889
1 0.758984 0.050000 0.025781 0.030556
1 0.089844 0.163889 0.032813 0.052778
3 0.502734 0.200694 0.117969 0.104167
1 0.034766 0.168056 0.028906 0.044444
1 0.009766 0.143750 0.019531 0.034722
3 0.604297 0.203472 0.116406 0.098611
3 0.604297 0.202778 0.117969 0.097222
3 0.532813 0.150000 0.081250 0.063889
1 0.985938 0.388194 0.026562 0.056944
