1 0.148828 0.168056 0.038281 0.044444
3 0.189062 0.141667 0.046875 0.061111
1 0.628906 0.087500 0.053125 0.050000
3 0.172266 0.302083 0.097656 0.159722
3 0.600391 0.074306 0.041406 0.037500
3 0.702734 0.095833 0.046094 0.047222
1 0.660547 0.071528 0.038281 0.040278
3 0.110156 0.076389 0.021875 0.036111
1 0.598828 0.381944 0.144531 0.127778
1 0.426563 0.068056 0.045312 0.036111
1 0.351953 0.102083 0.050781 0.045833
1 0.164844 0.094444 0.031250 0.038889
1 0.709766 0.071528 0.035156 0.037500
1 0.675391 0.043750 0.030469 0.031944
3 0.381641 0.129167 0.036719 0.052778
3 0.457422 0.164583 0.147656 0.148611
0 0.805078 0.020833 0.008594 0.038889
1 0.606641 0.166667 0.085156 0.069444
1 0.005469 0.133333 0.010937 0.033333
