1 0.148438 0.167361 0.039062 0.045833
3 0.188672 0.147917 0.049219 0.048611
3 0.600000 0.074306 0.039062 0.037500
3 0.048438 0.087500 0.020313 0.027778
3 0.703516 0.095833 0.047656 0.047222
1 0.247656 0.068056 0.037500 0.044444
3 0.161719 0.092361 0.034375 0.037500
1 0.887891 0.888194 0.222656 0.220833
1 0.635547 0.400000 0.147656 0.133333
1 0.888281 0.888889 0.221875 0.219444
1 0.437891 0.068056 0.052344 0.036111
1 0.513672 0.143750 0.072656 0.054167
1 0.240625 0.065972 0.035937 0.048611
1 0.711328 0.071528 0.035156 0.034722
3 0.883984 0.386111 0.230469 0.277778
1 0.265234 0.120833 0.047656 0.052778
