1 0.151562 0.168750 0.037500 0.045833
3 0.104297 0.079861 0.019531 0.029167
3 0.598047 0.077778 0.036719 0.038889
3 0.701953 0.096528 0.047656 0.051389
1 0.150781 0.125694 0.023438 0.034722
1 0.333594 0.305556 0.125000 0.094444
1 0.163281 0.060417 0.026562 0.034722
1 0.660547 0.072222 0.036719 0.047222
1 0.080859 0.127083 0.019531 0.037500
3 0.197656 0.091667 0.053125 0.080556
1 0.829297 0.512500 0.155469 0.147222
1 0.846484 0.052083 0.014844 0.018056
1 0.594922 0.176389 0.077344 0.061111
1 0.423047 0.070833 0.053906 0.038889
1 0.010547 0.095139 0.017969 0.020833
1 0.027344 0.121528 0.020313 0.029167
