3 0.666016 0.106250 0.055469 0.056944
0 0.339844 0.107639 0.009375 0.045833
0 0.270703 0.129167 0.010156 0.047222
0 0.326953 0.111806 0.010156 0.043056
1 0.900391 0.118750 0.019531 0.029167
0 0.300000 0.110417 0.009375 0.043056
3 0.191797 0.061806 0.030469 0.034722
3 0.858984 0.109028 0.027344 0.040278
3 0.058984 0.302083 0.113281 0.118056
1 0.776953 0.081250 0.042969 0.073611
3 0.555859 0.084028 0.063281 0.051389
1 0.723828 0.090278 0.039844 0.041667
3 0.706641 0.190278 0.074219 0.088889
1 0.322656 0.113194 0.009375 0.043056
3 0.669141 0.052083 0.047656 0.054167
3 0.436328 0.140278 0.092969 0.097222
1 0.005859 0.548611 0.011719 0.094444
