3 0.631641 0.164583 0.058594 0.079167
1 0.753125 0.081250 0.029687 0.040278
1 0.042578 0.311111 0.085156 0.113889
3 0.292187 0.179861 0.109375 0.087500
1 0.101562 0.177778 0.034375 0.050000
1 0.917188 0.104167 0.015625 0.027778
1 0.710547 0.093056 0.041406 0.044444
3 0.868359 0.109722 0.024219 0.030556
1 0.883203 0.138889 0.025781 0.036111
1 0.794922 0.058333 0.021094 0.025000
1 0.823828 0.082639 0.022656 0.029167
3 0.060547 0.337500 0.121094 0.150000
3 0.780859 0.150000 0.047656 0.058333
3 0.726172 0.246528 0.077344 0.093056
1 0.042578 0.311806 0.085156 0.115278
1 0.889062 0.111806 0.020313 0.029167
