1 0.171094 0.281250 0.098437 0.095833
1 0.652344 0.224306 0.075000 0.076389
1 0.026953 0.325694 0.053906 0.093056
1 0.754297 0.230556 0.063281 0.083333
1 0.105859 0.181944 0.036719 0.058333
1 0.699609 0.119444 0.049219 0.058333
1 0.327734 0.164583 0.078906 0.073611
1 0.882422 0.176389 0.030469 0.052778
1 0.512891 0.128472 0.064844 0.054167
3 0.079687 0.161806 0.034375 0.054167
1 0.914453 0.140972 0.019531 0.037500
1 0.855078 0.153472 0.030469 0.048611
2 0.585547 0.064583 0.108594 0.087500
2 0.019141 0.199306 0.038281 0.123611
3 0.287891 0.449306 0.157031 0.173611
2 0.754297 0.230556 0.063281 0.083333
