3 0.550391 0.165972 0.072656 0.087500
1 0.847266 0.068056 0.014844 0.022222
1 0.666797 0.103472 0.050781 0.051389
1 0.462109 0.065278 0.053906 0.036111
1 0.343750 0.071528 0.054688 0.040278
1 0.017578 0.224306 0.035156 0.065278
1 0.056250 0.195833 0.034375 0.052778
0 0.939453 0.254167 0.010156 0.052778
1 0.070312 0.150694 0.028125 0.040278
1 0.558984 0.107639 0.052344 0.040278
0 0.923828 0.243750 0.011719 0.051389
3 0.100000 0.296528 0.123438 0.159722
1 0.045703 0.138194 0.019531 0.020833
3 0.631250 0.177083 0.059375 0.087500
3 0.442969 0.124306 0.079687 0.059722
3 0.550000 0.165278 0.071875 0.086111
2 0.376172 0.018750 0.057031 0.034722
1 0.257031 0.325694 0.131250 0.131944
