0 0.727734 0.146528 0.008594 0.040278
3 0.756250 0.153472 0.009375 0.051389
1 0.179297 0.102778 0.033594 0.038889
1 0.045703 0.186806 0.032031 0.048611
1 0.225781 0.275694 0.076563 0.090278
1 0.667188 0.081250 0.039062 0.034722
1 0.952734 0.600000 0.092969 0.105556
1 0.517188 0.179167 0.029687 0.050000
3 0.096875 0.233333 0.059375 0.091667
3 0.604688 0.227083 0.189062 0.195833
1 0.922266 0.287500 0.096094 0.122222
0 0.742578 0.150694 0.010156 0.051389
3 0.604297 0.227778 0.188281 0.194444
0 0.637891 0.026389 0.008594 0.038889
1 0.226953 0.275694 0.077344 0.093056
1 0.123047 0.085417 0.019531 0.026389
1 0.277734 0.128472 0.047656 0.045833
