0 0.583984 0.101389 0.013281 0.044444
1 0.930078 0.870833 0.128906 0.230556
1 0.820703 0.273611 0.091406 0.083333
1 0.643359 0.086111 0.041406 0.044444
1 0.805078 0.510417 0.161719 0.143056
3 0.131641 0.076389 0.039844 0.055556
1 0.180859 0.061111 0.025781 0.036111
1 0.331641 0.093750 0.050781 0.040278
3 0.251172 0.115278 0.050781 0.061111
3 0.226953 0.073611 0.047656 0.063889
3 0.887891 0.161111 0.033594 0.058333
3 0.398828 0.106250 0.100781 0.118056
3 0.533594 0.142361 0.093750 0.076389
3 0.851172 0.393750 0.164844 0.165278
1 0.185156 0.327083 0.100000 0.140278
