3 0.694141 0.097222 0.046094 0.044444
1 0.378516 0.177778 0.083594 0.072222
1 0.783984 0.068750 0.027344 0.048611
1 0.808203 0.058333 0.019531 0.025000
0 0.190234 0.170139 0.011719 0.051389
1 0.905078 0.115972 0.019531 0.031944
0 0.953516 0.577778 0.027344 0.108333
3 0.879297 0.130556 0.030469 0.050000
1 0.851172 0.121528 0.025781 0.034722
0 0.113672 0.201389 0.016406 0.047222
0 0.913672 0.677778 0.035156 0.113889
1 0.119922 0.263889 0.086719 0.097222
0 0.178906 0.169444 0.012500 0.052778
1 0.613281 0.245139 0.076563 0.087500
1 0.619922 0.076389 0.041406 0.036111
0 0.912891 0.752083 0.041406 0.126389
1 0.646484 0.090278 0.041406 0.038889
3 0.807422 0.287500 0.058594 0.091667
1 0.362500 0.549306 0.204687 0.201389
1 0.378125 0.019444 0.057813 0.033333
