3 0.642969 0.114583 0.059375 0.059722
1 0.794141 0.059722 0.021094 0.025000
0 0.389844 0.051389 0.009375 0.030556
1 0.709766 0.088889 0.047656 0.041667
1 0.569922 0.057639 0.046094 0.034722
1 0.500000 0.063194 0.053125 0.037500
1 0.016797 0.225694 0.033594 0.070833
3 0.400000 0.161806 0.092188 0.081944
1 0.051953 0.193750 0.030469 0.048611
0 0.941797 0.238889 0.013281 0.080556
1 0.046094 0.128472 0.020313 0.034722
1 0.771094 0.050694 0.017188 0.020833
0 0.923047 0.243750 0.010156 0.054167
3 0.656641 0.084722 0.046094 0.061111
1 0.004687 0.102778 0.009375 0.016667
1 0.223438 0.354861 0.139063 0.137500
3 0.037109 0.355556 0.074219 0.119444
