0 0.823047 0.192361 0.014844 0.056944
1 0.141016 0.281944 0.060156 0.100000
1 0.780078 0.061111 0.022656 0.027778
1 0.460938 0.590972 0.179688 0.220833
1 0.295312 0.317361 0.093750 0.104167
1 0.316016 0.086111 0.046094 0.036111
3 0.417969 0.807639 0.304688 0.379167
3 0.141797 0.072917 0.022656 0.026389
1 0.619141 0.221528 0.089844 0.079167
1 0.691797 0.212500 0.082031 0.077778
3 0.066016 0.304861 0.067969 0.140278
1 0.146094 0.206944 0.046875 0.058333
1 0.509766 0.222222 0.088281 0.072222
3 0.056250 0.136806 0.035937 0.068056
1 0.944922 0.405556 0.105469 0.113889
