3 0.650391 0.149306 0.061719 0.070833
1 0.755078 0.084028 0.030469 0.037500
1 0.313281 0.167361 0.084375 0.079167
3 0.510547 0.102083 0.080469 0.054167
1 0.101562 0.177778 0.034375 0.050000
1 0.078516 0.063194 0.014844 0.020833
1 0.894141 0.122222 0.021094 0.033333
1 0.719141 0.093056 0.039844 0.041667
3 0.819141 0.135417 0.032031 0.040278
1 0.824609 0.189583 0.039844 0.051389
1 0.812891 0.056944 0.016406 0.022222
1 0.772266 0.061806 0.024219 0.026389
1 0.317188 0.075000 0.054688 0.033333
3 0.391406 0.171528 0.107813 0.090278
3 0.026562 0.061111 0.053125 0.036111
1 0.853516 0.075000 0.016406 0.025000
3 0.599609 0.245139 0.102344 0.101389
3 0.454297 0.450000 0.175781 0.172222
1 0.312891 0.168750 0.082031 0.076389
