1 0.151172 0.168750 0.039844 0.048611
3 0.121484 0.084028 0.021094 0.034722
3 0.598047 0.077083 0.038281 0.040278
3 0.701953 0.094444 0.049219 0.058333
1 0.151562 0.125694 0.025000 0.034722
1 0.414844 0.315278 0.129688 0.105556
1 0.176953 0.063194 0.022656 0.031944
1 0.660547 0.072917 0.038281 0.048611
1 0.080859 0.126389 0.021094 0.038889
1 0.878125 0.781944 0.212500 0.266667
3 0.251953 0.092361 0.102344 0.087500
3 0.296484 0.099306 0.053906 0.059722
1 0.854688 0.527778 0.157812 0.150000
1 0.854297 0.051389 0.014844 0.019444
1 0.708203 0.226389 0.089844 0.072222
1 0.422266 0.071528 0.052344 0.034722
