1 0.151172 0.169444 0.038281 0.047222
1 0.375391 0.018056 0.060156 0.036111
3 0.596875 0.079167 0.034375 0.036111
3 0.701172 0.096528 0.049219 0.054167
1 0.141406 0.124306 0.028125 0.037500
1 0.595703 0.381944 0.144531 0.127778
1 0.422656 0.071528 0.051562 0.037500
1 0.660547 0.072222 0.038281 0.052778
1 0.576953 0.156250 0.071094 0.054167
3 0.198047 0.111111 0.063281 0.119444
1 0.082422 0.125694 0.027344 0.037500
1 0.040234 0.176389 0.030469 0.050000
1 0.025000 0.222917 0.039062 0.081944
1 0.364063 0.095139 0.054688 0.048611
