1 0.151172 0.168750 0.038281 0.045833
3 0.125391 0.085417 0.024219 0.034722
3 0.598047 0.077083 0.038281 0.040278
3 0.701953 0.093750 0.047656 0.056944
1 0.151172 0.125694 0.024219 0.031944
1 0.430859 0.318750 0.132031 0.106944
1 0.179297 0.064583 0.024219 0.031944
1 0.660547 0.073611 0.038281 0.050000
1 0.080078 0.126389 0.019531 0.038889
1 0.788672 0.717361 0.219531 0.259722
3 0.260547 0.094444 0.100781 0.091667
3 0.318359 0.103472 0.066406 0.059722
1 0.859766 0.531250 0.153906 0.151389
1 0.734766 0.239583 0.089844 0.073611
1 0.422266 0.071528 0.053906 0.037500
1 0.005859 0.095833 0.011719 0.019444
