3 0.651953 0.112500 0.058594 0.058333
0 0.398438 0.051389 0.010937 0.030556
3 0.376172 0.018750 0.060156 0.037500
1 0.703516 0.092361 0.036719 0.043056
1 0.578516 0.056944 0.046094 0.033333
1 0.512500 0.063194 0.054688 0.043056
1 0.017188 0.224306 0.034375 0.065278
0 0.359766 0.055556 0.007031 0.033333
3 0.513672 0.120833 0.071094 0.069444
1 0.050781 0.190972 0.029687 0.048611
0 0.941016 0.215972 0.008594 0.034722
1 0.018359 0.113889 0.013281 0.019444
1 0.032813 0.124306 0.035937 0.031944
1 0.816797 0.054861 0.019531 0.023611
0 0.941797 0.256944 0.011719 0.055556
3 0.198828 0.254861 0.119531 0.115278
