3 0.653516 0.110417 0.055469 0.059722
1 0.025391 0.321528 0.050781 0.101389
1 0.848047 0.051389 0.016406 0.016667
0 0.426953 0.081250 0.010156 0.040278
3 0.376172 0.017361 0.057031 0.034722
1 0.632422 0.054167 0.025781 0.027778
1 0.707031 0.090278 0.042188 0.047222
1 0.617578 0.055556 0.019531 0.022222
0 0.444141 0.075000 0.008594 0.041667
1 0.573047 0.056250 0.046094 0.037500
3 0.888672 0.148611 0.030469 0.050000
1 0.017188 0.224306 0.034375 0.079167
1 0.843359 0.122917 0.024219 0.031944
1 0.811328 0.056250 0.021094 0.023611
0 0.397656 0.093750 0.009375 0.040278
3 0.247266 0.229861 0.116406 0.106944
1 0.580469 0.104861 0.054688 0.043056
0 0.937891 0.217361 0.008594 0.040278
1 0.021094 0.528472 0.042188 0.106944
