1 0.658203 0.159028 0.047656 0.059722
1 0.181641 0.061806 0.024219 0.026389
1 0.133984 0.057639 0.019531 0.020833
1 0.016406 0.222917 0.032813 0.068056
1 0.053516 0.195833 0.030469 0.052778
1 0.101953 0.170833 0.036719 0.052778
1 0.075391 0.162500 0.025781 0.038889
3 0.609766 0.108333 0.066406 0.091667
1 0.258203 0.226389 0.064844 0.086111
1 0.012891 0.145139 0.017969 0.029167
1 0.195312 0.384722 0.107813 0.125000
1 0.923828 0.302778 0.089844 0.091667
1 0.033203 0.442361 0.066406 0.101389
0 0.983984 0.192361 0.010156 0.045833
