3 0.652734 0.111806 0.055469 0.059722
1 0.779687 0.056944 0.025000 0.036111
1 0.706641 0.091667 0.044531 0.044444
1 0.600391 0.055556 0.039844 0.030556
1 0.537500 0.059722 0.051562 0.038889
1 0.017188 0.224306 0.034375 0.068056
0 0.370703 0.061111 0.011719 0.044444
3 0.667969 0.077778 0.042188 0.041667
1 0.046484 0.186111 0.030469 0.050000
0 0.939453 0.223611 0.010156 0.047222
1 0.080078 0.319444 0.102344 0.127778
1 0.007422 0.106250 0.013281 0.020833
1 0.026562 0.118056 0.020313 0.033333
1 0.200781 0.374306 0.145313 0.145833
3 0.503516 0.122917 0.083594 0.076389
