3 0.511328 0.409028 0.094531 0.190278
1 0.795703 0.090278 0.027344 0.033333
1 0.562500 0.154167 0.064062 0.086111
1 0.303125 0.071528 0.046875 0.034722
1 0.229297 0.066667 0.035156 0.033333
1 0.017578 0.225000 0.035156 0.069444
1 0.055859 0.197222 0.030469 0.047222
0 0.939453 0.258333 0.011719 0.055556
1 0.093750 0.164583 0.034375 0.051389
0 0.925391 0.243750 0.013281 0.056944
1 0.063672 0.150694 0.024219 0.034722
3 0.762500 0.550694 0.176563 0.265278
3 0.511328 0.408333 0.094531 0.194444
3 0.709375 0.081944 0.046875 0.066667
1 0.762500 0.550000 0.175000 0.263889
1 0.030078 0.451389 0.060156 0.094444
2 0.376563 0.018056 0.057813 0.036111
