3 0.540234 0.173611 0.071094 0.088889
1 0.843359 0.068750 0.017969 0.023611
1 0.659766 0.105556 0.052344 0.055556
1 0.448047 0.066667 0.055469 0.036111
1 0.330469 0.070833 0.054688 0.041667
1 0.017578 0.225000 0.035156 0.069444
1 0.055859 0.196528 0.032031 0.048611
1 0.072656 0.152778 0.031250 0.041667
1 0.524219 0.122222 0.060937 0.052778
0 0.923828 0.243056 0.011719 0.050000
3 0.046875 0.335417 0.093750 0.173611
1 0.046875 0.139583 0.018750 0.023611
3 0.624609 0.190972 0.055469 0.093056
3 0.383984 0.143056 0.088281 0.069444
3 0.540234 0.172917 0.071094 0.090278
