3 0.671484 0.138194 0.055469 0.062500
1 0.754297 0.084722 0.027344 0.036111
3 0.086719 0.061111 0.028125 0.033333
3 0.354687 0.181250 0.181250 0.126389
1 0.567578 0.084722 0.052344 0.050000
3 0.634766 0.086111 0.055469 0.052778
1 0.101562 0.178472 0.034375 0.051389
1 0.144141 0.069444 0.022656 0.027778
1 0.807031 0.181944 0.042188 0.058333
1 0.721484 0.092361 0.036719 0.043056
3 0.630859 0.246528 0.085156 0.079167
1 0.465625 0.476389 0.157812 0.150000
0 0.239844 0.044444 0.007812 0.027778
1 0.825391 0.056250 0.019531 0.020833
1 0.798438 0.058333 0.020313 0.025000
1 0.549609 0.063194 0.047656 0.031944
