3 0.652734 0.109028 0.053906 0.062500
1 0.223828 0.203472 0.092969 0.095833
0 0.444922 0.074306 0.008594 0.043056
1 0.790234 0.056944 0.017969 0.027778
0 0.410547 0.086806 0.011719 0.040278
3 0.378125 0.017361 0.060937 0.034722
1 0.710547 0.088889 0.044531 0.044444
1 0.628906 0.053472 0.037500 0.026389
0 0.436328 0.080556 0.008594 0.033333
1 0.573828 0.056944 0.046094 0.036111
3 0.848047 0.175000 0.041406 0.061111
1 0.017188 0.222917 0.034375 0.076389
1 0.790234 0.152083 0.035156 0.048611
1 0.828516 0.054167 0.017969 0.022222
0 0.385937 0.095833 0.009375 0.044444
3 0.449219 0.146528 0.093750 0.079167
1 0.011719 0.541667 0.023438 0.105556
