3 0.666016 0.106944 0.053906 0.052778
0 0.353906 0.097917 0.009375 0.037500
0 0.285547 0.124306 0.011719 0.045833
0 0.338672 0.104861 0.010156 0.043056
1 0.933203 0.097222 0.014844 0.022222
1 0.912891 0.110417 0.017969 0.026389
0 0.312109 0.107639 0.011719 0.043056
3 0.162109 0.060417 0.024219 0.026389
3 0.879297 0.097917 0.022656 0.034722
1 0.762891 0.098611 0.041406 0.047222
3 0.478125 0.106250 0.075000 0.062500
1 0.718750 0.093056 0.034375 0.036111
3 0.623828 0.062500 0.057031 0.063889
3 0.276562 0.212500 0.115625 0.108333
1 0.915234 0.083333 0.013281 0.022222
1 0.841797 0.052778 0.017969 0.019444
1 0.139844 0.847222 0.279687 0.283333
1 0.323047 0.157639 0.069531 0.065278
1 0.006250 0.548611 0.012500 0.094444
