1 0.621484 0.288889 0.055469 0.111111
1 0.141016 0.059028 0.017969 0.020833
1 0.015234 0.219444 0.030469 0.080556
1 0.053516 0.196528 0.030469 0.048611
1 0.101953 0.170139 0.036719 0.054167
0 0.926953 0.251389 0.007031 0.038889
1 0.076953 0.163889 0.021094 0.036111
3 0.533984 0.152083 0.075781 0.126389
1 0.854297 0.227778 0.047656 0.072222
1 0.191406 0.281250 0.078125 0.084722
0 0.940234 0.257639 0.008594 0.045833
1 0.053125 0.145139 0.021875 0.031944
1 0.012891 0.109028 0.014844 0.026389
1 0.333984 0.242361 0.071094 0.084722
