3 0.694922 0.098611 0.046094 0.047222
1 0.310547 0.206250 0.086719 0.076389
1 0.784375 0.068056 0.029687 0.050000
1 0.807031 0.058333 0.017188 0.025000
0 0.196875 0.168056 0.012500 0.052778
1 0.908984 0.111806 0.017969 0.029167
0 0.955859 0.570833 0.027344 0.108333
3 0.887109 0.125000 0.028906 0.044444
1 0.861328 0.115278 0.024219 0.033333
0 0.120313 0.195139 0.012500 0.051389
0 0.919922 0.663194 0.033594 0.106944
1 0.051172 0.310417 0.089844 0.095833
0 0.185938 0.163194 0.010937 0.054167
1 0.655859 0.220833 0.066406 0.077778
1 0.603516 0.079861 0.042969 0.037500
0 0.917578 0.744444 0.036719 0.136111
1 0.624609 0.095833 0.047656 0.041667
3 0.829297 0.258333 0.050781 0.083333
1 0.450391 0.477083 0.180469 0.170833
1 0.378125 0.018750 0.057813 0.034722
1 0.004687 0.547917 0.009375 0.076389
