1 0.133594 0.418750 0.090625 0.168056
1 0.183203 0.328472 0.075781 0.104167
1 0.301953 0.317361 0.096094 0.126389
1 0.132031 0.200000 0.043750 0.052778
0 0.931641 0.247917 0.013281 0.048611
1 0.064062 0.148611 0.032813 0.041667
1 0.017578 0.151389 0.022656 0.036111
1 0.921484 0.104861 0.014844 0.026389
1 0.021484 0.247917 0.039844 0.070833
1 0.661328 0.205556 0.086719 0.069444
1 0.133594 0.418750 0.092188 0.173611
1 0.912109 0.329167 0.077344 0.069444
1 0.031250 0.170139 0.025000 0.043056
1 0.970703 0.497917 0.044531 0.081944
1 0.981250 0.420139 0.035937 0.095833
1 0.120703 0.059722 0.017969 0.016667
