3 0.861328 0.743750 0.166406 0.240278
1 0.147656 0.166667 0.037500 0.047222
3 0.225781 0.256250 0.068750 0.090278
1 0.777344 0.071528 0.032813 0.051389
1 0.866797 0.761806 0.183594 0.279167
1 0.206250 0.365972 0.087500 0.118056
1 0.064453 0.212500 0.036719 0.058333
3 0.150000 0.072222 0.029687 0.036111
1 0.027734 0.159722 0.028906 0.047222
3 0.233984 0.111806 0.044531 0.045833
3 0.233984 0.111806 0.044531 0.045833
3 0.069141 0.140278 0.035156 0.066667
1 0.008203 0.200694 0.016406 0.045833
3 0.506250 0.158333 0.121875 0.091667
