1 0.390234 0.175000 0.086719 0.069444
1 0.101562 0.178472 0.034375 0.048611
1 0.839453 0.052778 0.016406 0.016667
1 0.514062 0.215972 0.060937 0.104167
3 0.774609 0.060417 0.024219 0.029167
1 0.739844 0.088889 0.031250 0.036111
1 0.666797 0.106944 0.039844 0.047222
1 0.635938 0.170833 0.051562 0.066667
1 0.766797 0.100694 0.035156 0.034722
1 0.118359 0.059722 0.016406 0.016667
1 0.621094 0.093750 0.045312 0.040278
1 0.456641 0.122222 0.071094 0.052778
1 0.648438 0.064583 0.042188 0.037500
1 0.055469 0.096528 0.014063 0.020833
