3 0.521094 0.446528 0.107813 0.204167
1 0.791406 0.093056 0.028125 0.036111
1 0.553125 0.161806 0.065625 0.090278
1 0.294141 0.071528 0.044531 0.031944
1 0.223828 0.065972 0.032031 0.034722
1 0.017578 0.225000 0.035156 0.069444
1 0.055859 0.196528 0.032031 0.051389
0 0.939453 0.258333 0.011719 0.055556
1 0.094531 0.165278 0.034375 0.052778
0 0.924609 0.243750 0.011719 0.054167
1 0.064844 0.150694 0.026562 0.037500
3 0.801172 0.605556 0.194531 0.297222
3 0.520703 0.443750 0.110156 0.215278
3 0.708203 0.083333 0.052344 0.066667
1 0.801953 0.606944 0.192969 0.294444
1 0.037500 0.443750 0.073438 0.104167
2 0.377344 0.017361 0.060937 0.034722
1 0.005859 0.133333 0.011719 0.030556
