3 0.512109 0.102778 0.047656 0.050000
3 0.700391 0.093056 0.047656 0.063889
1 0.817578 0.058333 0.019531 0.022222
1 0.378516 0.020139 0.058594 0.034722
1 0.914453 0.115278 0.017969 0.030556
1 0.637109 0.072917 0.039844 0.037500
1 0.323828 0.074306 0.052344 0.037500
1 0.791406 0.070139 0.034375 0.043056
1 0.835547 0.055556 0.016406 0.019444
0 0.048047 0.236111 0.013281 0.044444
0 0.033203 0.256250 0.016406 0.051389
1 0.193750 0.672222 0.201563 0.222222
0 0.777734 0.959722 0.042969 0.077778
1 0.066406 0.959028 0.129688 0.079167
