1 0.198047 0.520833 0.127344 0.233333
1 0.232813 0.379861 0.093750 0.120833
1 0.394531 0.385417 0.126562 0.156944
1 0.157031 0.219444 0.048438 0.058333
0 0.927734 0.247917 0.011719 0.048611
1 0.074609 0.154167 0.027344 0.041667
1 0.019922 0.152083 0.022656 0.040278
1 0.032031 0.267361 0.039062 0.070833
1 0.591406 0.174306 0.079687 0.062500
1 0.197656 0.521528 0.128125 0.234722
1 0.841406 0.282639 0.092188 0.065278
1 0.033984 0.173611 0.025781 0.041667
1 0.935547 0.472917 0.116406 0.126389
1 0.934375 0.478472 0.117188 0.129167
1 0.109375 0.056944 0.017188 0.019444
