3 0.598047 0.079861 0.038281 0.043056
3 0.701172 0.095833 0.047656 0.055556
1 0.891797 0.095833 0.016406 0.025000
1 0.708203 0.225000 0.082031 0.072222
1 0.528125 0.060417 0.051562 0.043056
1 0.206641 0.065278 0.027344 0.033333
1 0.807422 0.140278 0.039844 0.055556
1 0.215234 0.196528 0.057031 0.062500
1 0.801953 0.057639 0.021094 0.023611
1 0.014063 0.064583 0.025000 0.023611
1 0.092188 0.130556 0.034375 0.050000
1 0.840234 0.054861 0.030469 0.023611
1 0.378125 0.412500 0.164062 0.122222
1 0.660547 0.078472 0.041406 0.048611
