1 0.150781 0.170139 0.037500 0.045833
3 0.148438 0.125694 0.031250 0.034722
3 0.598047 0.077778 0.038281 0.044444
3 0.701172 0.096528 0.047656 0.051389
1 0.558984 0.366667 0.139844 0.125000
1 0.421875 0.072222 0.050000 0.036111
1 0.659766 0.077083 0.038281 0.043056
1 0.331250 0.091667 0.042188 0.036111
1 0.163281 0.306250 0.073438 0.104167
1 0.204687 0.489583 0.142187 0.254167
1 0.055078 0.147917 0.025781 0.040278
1 0.709766 0.072222 0.033594 0.036111
3 0.432422 0.182639 0.092969 0.081944
1 0.143359 0.062500 0.017969 0.022222
3 0.682422 0.190972 0.130469 0.123611
