3 0.663672 0.109028 0.052344 0.054167
1 0.703516 0.075694 0.028906 0.029167
0 0.360156 0.097917 0.007812 0.040278
1 0.917578 0.106250 0.016406 0.023611
0 0.316406 0.107639 0.009375 0.043056
3 0.150391 0.059028 0.022656 0.029167
3 0.887891 0.095139 0.022656 0.031944
1 0.758203 0.102083 0.044531 0.048611
1 0.717578 0.093056 0.028906 0.036111
3 0.798828 0.137500 0.044531 0.061111
3 0.599219 0.064583 0.062500 0.068056
3 0.188672 0.251389 0.117969 0.133333
1 0.837891 0.052778 0.016406 0.019444
1 0.262500 0.184722 0.073438 0.075000
3 0.348828 0.715972 0.328906 0.431944
1 0.006250 0.548611 0.012500 0.097222
