3 0.666016 0.106944 0.055469 0.055556
0 0.339062 0.106944 0.009375 0.044444
0 0.269531 0.129861 0.010937 0.045833
0 0.325781 0.112500 0.010937 0.041667
1 0.898828 0.120139 0.021094 0.031944
0 0.299219 0.109722 0.009375 0.041667
3 0.192969 0.061806 0.029687 0.034722
3 0.858203 0.109028 0.027344 0.040278
3 0.067187 0.296528 0.112500 0.118056
3 0.559375 0.082639 0.059375 0.051389
1 0.723828 0.089583 0.038281 0.040278
3 0.703125 0.191667 0.076563 0.091667
3 0.671094 0.051389 0.048438 0.055556
3 0.442969 0.140278 0.090625 0.094444
1 0.005859 0.548611 0.011719 0.097222
