1 0.874609 0.113889 0.025781 0.033333
1 0.907422 0.113889 0.019531 0.036111
1 0.696484 0.120833 0.050781 0.061111
1 0.944141 0.111806 0.017969 0.029167
3 0.080469 0.161806 0.035937 0.051389
2 0.142969 0.224306 0.231250 0.231944
2 0.018359 0.199306 0.036719 0.123611
1 0.516016 0.128472 0.060156 0.051389
1 0.795312 0.203472 0.043750 0.059722
1 0.377734 0.018750 0.058594 0.034722
3 0.785547 0.059722 0.027344 0.027778
3 0.694531 0.059028 0.042188 0.037500
1 0.535547 0.391667 0.121094 0.130556
3 0.564453 0.085417 0.058594 0.051389
1 0.766797 0.050694 0.017969 0.023611
1 0.014844 0.495139 0.029687 0.159722
3 0.388672 0.393056 0.146094 0.122222
