1 0.817578 0.713889 0.180469 0.216667
0 0.874609 0.221528 0.013281 0.054167
1 0.204687 0.243056 0.059375 0.086111
1 0.047266 0.182639 0.032031 0.056944
1 0.837891 0.051389 0.016406 0.022222
1 0.333984 0.746528 0.214844 0.306944
1 0.263281 0.082639 0.037500 0.029167
1 0.101562 0.245833 0.046875 0.069444
1 0.389062 0.171528 0.076563 0.062500
1 0.103125 0.174306 0.035937 0.048611
1 0.617969 0.183333 0.087500 0.063889
3 0.208984 0.358333 0.102344 0.136111
1 0.962891 0.479861 0.058594 0.073611
1 0.064062 0.148611 0.028125 0.036111
