3 0.601172 0.131250 0.069531 0.070833
1 0.867578 0.061806 0.014844 0.018056
0 0.366016 0.051389 0.007031 0.033333
1 0.696875 0.088889 0.045312 0.058333
1 0.530078 0.060417 0.049219 0.037500
1 0.425781 0.066667 0.057813 0.041667
1 0.017578 0.225000 0.035156 0.066667
3 0.008594 0.378472 0.017188 0.081944
1 0.055078 0.196528 0.032031 0.048611
0 0.939453 0.253472 0.011719 0.054167
1 0.058203 0.144444 0.024219 0.030556
0 0.923047 0.246528 0.011719 0.048611
3 0.431250 0.143750 0.093750 0.095833
1 0.032813 0.125694 0.020313 0.023611
3 0.676562 0.132639 0.060937 0.068056
3 0.658984 0.067361 0.042969 0.037500
1 0.235547 0.344444 0.136719 0.136111
