1 0.151562 0.169444 0.037500 0.047222
3 0.598047 0.077778 0.036719 0.038889
3 0.701172 0.097222 0.047656 0.050000
1 0.121094 0.337500 0.107813 0.111111
1 0.659766 0.073611 0.036719 0.047222
1 0.081641 0.126389 0.022656 0.038889
1 0.711328 0.071528 0.032031 0.031944
3 0.141016 0.073611 0.038281 0.058333
1 0.671875 0.435417 0.156250 0.126389
1 0.830859 0.054861 0.017969 0.023611
1 0.421484 0.070833 0.053906 0.038889
1 0.023047 0.097917 0.016406 0.023611
1 0.027734 0.119444 0.019531 0.025000
3 0.960156 0.600000 0.078125 0.155556
