1 0.151172 0.169444 0.039844 0.050000
3 0.598047 0.077778 0.036719 0.038889
3 0.701172 0.097222 0.047656 0.050000
1 0.114453 0.341667 0.107031 0.113889
1 0.659766 0.074306 0.036719 0.045833
1 0.081250 0.126389 0.023438 0.038889
1 0.711328 0.071528 0.032031 0.031944
3 0.139063 0.073611 0.039062 0.058333
1 0.664062 0.432639 0.156250 0.126389
1 0.830859 0.054861 0.017969 0.023611
1 0.403516 0.113194 0.057031 0.043056
1 0.421484 0.070139 0.052344 0.037500
1 0.023438 0.099306 0.015625 0.023611
1 0.027734 0.119444 0.019531 0.025000
