0 0.709375 0.135417 0.007812 0.045833
1 0.260937 0.072917 0.031250 0.034722
3 0.729297 0.140278 0.010156 0.044444
1 0.127344 0.066667 0.023438 0.036111
1 0.138281 0.088194 0.023438 0.029167
1 0.073828 0.219444 0.039844 0.058333
1 0.483594 0.483333 0.171875 0.183333
1 0.657422 0.083333 0.041406 0.041667
1 0.944922 0.598611 0.108594 0.125000
3 0.167187 0.300694 0.093750 0.126389
3 0.409766 0.145833 0.132031 0.133333
0 0.729688 0.139583 0.007812 0.043056
3 0.409766 0.146528 0.130469 0.131944
3 0.784375 0.272222 0.157812 0.191667
1 0.114062 0.176389 0.043750 0.072222
1 0.481641 0.124306 0.024219 0.045833
1 0.893359 0.323611 0.075781 0.086111
1 0.883984 0.249306 0.074219 0.081944
1 0.096094 0.079861 0.017188 0.026389
1 0.203906 0.106944 0.035937 0.038889
