1 0.814453 0.175694 0.041406 0.056944
3 0.598047 0.080556 0.038281 0.041667
3 0.700391 0.102083 0.047656 0.043056
1 0.751953 0.163889 0.047656 0.055556
1 0.146094 0.161806 0.040625 0.056944
1 0.660547 0.080556 0.041406 0.044444
1 0.405859 0.068056 0.055469 0.044444
1 0.122266 0.058333 0.017969 0.025000
1 0.358984 0.171528 0.096094 0.073611
1 0.080078 0.125694 0.022656 0.037500
1 0.830859 0.055556 0.019531 0.022222
1 0.312109 0.383333 0.152344 0.127778
0 0.801953 0.025694 0.007031 0.040278
3 0.817187 0.138194 0.037500 0.051389
