0 0.580469 0.098611 0.009375 0.044444
3 0.638672 0.111806 0.011719 0.043056
1 0.754297 0.238194 0.091406 0.079167
1 0.643359 0.086111 0.044531 0.044444
1 0.779297 0.497222 0.163281 0.141667
3 0.352344 0.101389 0.090625 0.094444
1 0.171875 0.063889 0.020313 0.033333
3 0.892578 0.156944 0.032031 0.050000
3 0.352344 0.100694 0.092188 0.095833
3 0.491016 0.129167 0.085156 0.069444
1 0.890234 0.429167 0.102344 0.119444
3 0.763281 0.336111 0.165625 0.152778
3 0.209375 0.063194 0.045312 0.081944
1 0.152344 0.030556 0.009375 0.036111
1 0.236719 0.381250 0.129688 0.176389
