1 0.570703 0.109722 0.050781 0.047222
1 0.119531 0.265278 0.092188 0.102778
1 0.782813 0.070139 0.032813 0.051389
1 0.814453 0.057639 0.024219 0.023611
0 0.161719 0.184028 0.012500 0.051389
1 0.875391 0.138889 0.025781 0.038889
0 0.941797 0.634028 0.032031 0.126389
1 0.918359 0.140972 0.021094 0.037500
3 0.830859 0.164583 0.046094 0.068056
1 0.220312 0.247222 0.089063 0.097222
1 0.792578 0.154167 0.038281 0.050000
0 0.082422 0.215278 0.011719 0.052778
0 0.891016 0.753472 0.041406 0.106944
1 0.363281 0.152083 0.079687 0.065278
0 0.153125 0.183333 0.012500 0.052778
1 0.329297 0.424306 0.133594 0.137500
1 0.673828 0.068056 0.035156 0.027778
1 0.673047 0.068056 0.035156 0.027778
0 0.876172 0.860417 0.049219 0.131944
1 0.782422 0.070139 0.030469 0.048611
