1 0.146094 0.165972 0.042188 0.051389
1 0.861328 0.938194 0.086719 0.120833
3 0.157422 0.209722 0.052344 0.072222
1 0.791797 0.068056 0.028906 0.041667
1 0.489844 0.467361 0.160938 0.195833
1 0.132812 0.284028 0.059375 0.087500
1 0.044141 0.189583 0.032031 0.051389
3 0.182031 0.075694 0.034375 0.037500
3 0.140234 0.084722 0.030469 0.041667
1 0.017188 0.148611 0.026562 0.041667
3 0.371094 0.102778 0.050000 0.044444
3 0.316797 0.135417 0.064844 0.062500
3 0.402734 0.126389 0.083594 0.075000
3 0.662891 0.070833 0.050781 0.055556
3 0.317188 0.136111 0.064062 0.061111
1 0.945312 0.460417 0.107813 0.154167
3 0.664453 0.228472 0.146094 0.118056
