3 0.270703 0.182639 0.088281 0.059722
3 0.696484 0.099306 0.038281 0.051389
1 0.507422 0.104167 0.060156 0.055556
1 0.182422 0.065972 0.024219 0.029167
1 0.816016 0.057639 0.021094 0.023611
0 0.098828 0.208333 0.014844 0.055556
1 0.730469 0.251389 0.067187 0.077778
0 0.878516 0.784028 0.052344 0.148611
1 0.786719 0.296528 0.056250 0.093056
3 0.216797 0.243750 0.124219 0.118056
3 0.504687 0.402778 0.178125 0.191667
1 0.618359 0.088889 0.049219 0.058333
1 0.421484 0.370833 0.121094 0.113889
0 0.026953 0.252778 0.013281 0.050000
