1 0.666016 0.151389 0.049219 0.058333
1 0.186328 0.061111 0.024219 0.027778
1 0.137500 0.056944 0.021875 0.025000
1 0.016016 0.222222 0.032031 0.066667
1 0.053125 0.195139 0.031250 0.054167
1 0.101172 0.170139 0.036719 0.054167
1 0.074609 0.161111 0.024219 0.038889
3 0.618359 0.104861 0.064844 0.090278
1 0.249219 0.236806 0.071875 0.087500
1 0.012500 0.145833 0.017188 0.027778
1 0.173828 0.403472 0.111719 0.129167
1 0.930078 0.304167 0.082031 0.080556
0 0.958594 0.225694 0.010937 0.056944
1 0.021875 0.449306 0.043750 0.079167
