3 0.653516 0.110417 0.055469 0.059722
1 0.009766 0.334028 0.019531 0.084722
1 0.846484 0.050694 0.016406 0.018056
0 0.429297 0.081250 0.013281 0.040278
3 0.376172 0.017361 0.057031 0.034722
1 0.632422 0.054861 0.027344 0.026389
1 0.706641 0.090278 0.042969 0.047222
1 0.617578 0.055556 0.021094 0.025000
0 0.444141 0.073611 0.010156 0.041667
1 0.572266 0.056250 0.046094 0.037500
3 0.894141 0.145833 0.032031 0.050000
1 0.017188 0.225000 0.034375 0.077778
1 0.850391 0.119444 0.022656 0.030556
1 0.807422 0.056250 0.019531 0.023611
0 0.399609 0.093056 0.008594 0.041667
3 0.206250 0.251389 0.118750 0.113889
1 0.561719 0.109028 0.057813 0.048611
0 0.937109 0.216667 0.008594 0.041667
1 0.013281 0.331250 0.026562 0.081944
3 0.071484 0.619444 0.142969 0.197222
1 0.023047 0.518750 0.046094 0.093056
