3 0.787500 0.587500 0.179688 0.263889
1 0.535547 0.122222 0.058594 0.050000
1 0.101562 0.177083 0.034375 0.048611
1 0.569922 0.149306 0.058594 0.070833
1 0.790625 0.077083 0.028125 0.031944
1 0.711328 0.095139 0.038281 0.040278
1 0.690625 0.129167 0.045312 0.050000
1 0.805469 0.086806 0.026562 0.031944
3 0.787500 0.586111 0.181250 0.269444
1 0.150391 0.062500 0.024219 0.022222
1 0.685156 0.079167 0.034375 0.033333
0 0.093359 0.272917 0.017969 0.056944
3 0.025000 0.363194 0.050000 0.087500
1 0.040234 0.089583 0.013281 0.018056
