1 0.150781 0.170833 0.039062 0.047222
3 0.756641 0.343056 0.130469 0.111111
3 0.279297 0.078472 0.047656 0.048611
3 0.036328 0.125694 0.025781 0.037500
3 0.598047 0.078472 0.036719 0.040278
3 0.139063 0.059722 0.018750 0.027778
3 0.192969 0.152083 0.040625 0.040278
1 0.154688 0.318056 0.071875 0.097222
1 0.057031 0.201389 0.032813 0.055556
3 0.710156 0.094444 0.042188 0.050000
1 0.437109 0.143750 0.064844 0.062500
1 0.637109 0.188194 0.102344 0.081944
1 0.011328 0.134722 0.022656 0.061111
3 0.011719 0.134722 0.023438 0.061111
1 0.082031 0.164583 0.032813 0.045833
1 0.085547 0.061111 0.021094 0.027778
