3 0.597266 0.132639 0.069531 0.070833
1 0.865234 0.062500 0.013281 0.019444
1 0.694922 0.089583 0.044531 0.059722
1 0.523047 0.061111 0.047656 0.036111
1 0.417578 0.066667 0.057031 0.041667
1 0.017578 0.225000 0.035156 0.066667
1 0.055859 0.196528 0.032031 0.048611
0 0.939453 0.253472 0.011719 0.054167
1 0.058594 0.145833 0.023438 0.027778
0 0.923047 0.247222 0.010156 0.047222
3 0.400391 0.152778 0.099219 0.105556
1 0.014063 0.112500 0.012500 0.019444
3 0.671484 0.136806 0.058594 0.068056
3 0.641016 0.068056 0.046094 0.038889
1 0.237500 0.341167 0.137500 0.136111
