1 0.152344 0.167361 0.040625 0.045833
3 0.292187 0.133333 0.051562 0.050000
1 0.150391 0.213889 0.052344 0.075000
3 0.155469 0.061111 0.023438 0.030556
3 0.598047 0.078472 0.038281 0.043056
1 0.192578 0.144444 0.044531 0.058333
1 0.410547 0.572222 0.171094 0.225000
3 0.701562 0.096528 0.046875 0.051389
1 0.195312 0.081944 0.026562 0.036111
1 0.300391 0.082639 0.044531 0.043056
3 0.066797 0.196528 0.053906 0.109722
1 0.544141 0.523611 0.183594 0.194444
3 0.354687 0.102083 0.076563 0.093056
3 0.508203 0.132639 0.096094 0.079167
1 0.744141 0.278472 0.094531 0.056944
3 0.769531 0.349306 0.135937 0.123611
1 0.950000 0.583333 0.096875 0.133333
1 0.950000 0.575694 0.098437 0.120833
