1 0.150781 0.170139 0.037500 0.045833
3 0.148438 0.125694 0.031250 0.034722
3 0.598047 0.077778 0.038281 0.044444
3 0.701172 0.096528 0.049219 0.051389
1 0.557031 0.365278 0.139063 0.125000
1 0.421875 0.072917 0.050000 0.037500
1 0.659766 0.077083 0.038281 0.043056
1 0.328516 0.091667 0.044531 0.036111
1 0.168359 0.312500 0.074219 0.105556
1 0.212891 0.501389 0.152344 0.261111
1 0.055859 0.150000 0.027344 0.038889
1 0.709766 0.072222 0.033594 0.036111
3 0.423828 0.178472 0.092969 0.081944
1 0.143359 0.062500 0.017969 0.022222
3 0.675391 0.187500 0.128906 0.125000
3 0.939453 0.416667 0.117969 0.191667
