1 0.151953 0.169444 0.039844 0.050000
3 0.125000 0.070833 0.018750 0.030556
3 0.598047 0.078472 0.038281 0.043056
3 0.700781 0.096528 0.048438 0.054167
1 0.514062 0.346528 0.134375 0.118056
1 0.169141 0.057639 0.021094 0.031944
1 0.660156 0.074306 0.040625 0.048611
1 0.171875 0.097222 0.031250 0.038889
1 0.081250 0.126389 0.020313 0.038889
1 0.270313 0.322917 0.095312 0.112500
1 0.710547 0.072222 0.032031 0.036111
3 0.361719 0.131250 0.112500 0.120833
3 0.495703 0.158333 0.091406 0.086111
1 0.900391 0.565278 0.155469 0.161111
1 0.789844 0.053472 0.020313 0.020833
