3 0.562109 0.501389 0.180469 0.213889
2 0.422266 0.704167 0.592969 0.575000
1 0.146094 0.166667 0.039062 0.050000
1 0.248438 0.396528 0.110937 0.120833
3 0.096484 0.170833 0.036719 0.050000
1 0.815234 0.066667 0.025781 0.033333
1 0.200781 0.250694 0.065625 0.093056
1 0.072266 0.211111 0.036719 0.061111
1 0.025781 0.164583 0.023438 0.040278
3 0.274219 0.095833 0.054688 0.050000
3 0.274609 0.095833 0.055469 0.050000
1 0.008594 0.137500 0.017188 0.038889
3 0.587109 0.168056 0.078906 0.058333
3 0.595703 0.249306 0.111719 0.095833
