3 0.676172 0.134028 0.057031 0.065278
1 0.753906 0.084722 0.028125 0.036111
3 0.101562 0.065278 0.021875 0.025000
3 0.416016 0.154861 0.164844 0.115278
1 0.591016 0.081250 0.049219 0.045833
3 0.655078 0.081250 0.047656 0.045833
1 0.103125 0.179167 0.034375 0.050000
0 0.155078 0.175000 0.011719 0.036111
1 0.162109 0.070139 0.025781 0.031944
1 0.778906 0.204167 0.050000 0.066667
1 0.720703 0.091667 0.038281 0.044444
3 0.566406 0.286111 0.101562 0.091667
1 0.318750 0.595139 0.192188 0.198611
0 0.241406 0.046528 0.006250 0.026389
1 0.825391 0.056944 0.017969 0.022222
