3 0.403516 0.104861 0.075781 0.059722
1 0.150000 0.168056 0.037500 0.047222
1 0.753516 0.052083 0.024219 0.029167
3 0.317188 0.114583 0.043750 0.043056
1 0.220703 0.359028 0.107031 0.159722
3 0.599219 0.076389 0.040625 0.041667
3 0.191797 0.064583 0.030469 0.034722
3 0.185156 0.140972 0.048438 0.062500
3 0.548828 0.483333 0.232031 0.319444
1 0.066406 0.218750 0.040625 0.059722
3 0.358984 0.146528 0.078906 0.076389
1 0.029297 0.167361 0.025781 0.043056
3 0.720703 0.084722 0.042969 0.063889
1 0.669922 0.241667 0.089844 0.086111
0 0.803516 0.024306 0.008594 0.040278
