3 0.694922 0.097222 0.047656 0.044444
1 0.346484 0.191667 0.086719 0.075000
1 0.784375 0.069444 0.028125 0.050000
1 0.807813 0.058333 0.020313 0.027778
0 0.194141 0.170833 0.014844 0.052778
1 0.906641 0.113194 0.016406 0.026389
0 0.952734 0.577083 0.030469 0.109722
3 0.883203 0.127778 0.030469 0.047222
1 0.855859 0.117361 0.024219 0.031944
0 0.116406 0.196528 0.009375 0.048611
0 0.914453 0.676389 0.036719 0.113889
1 0.085547 0.288194 0.089844 0.093056
0 0.182031 0.165972 0.012500 0.051389
1 0.635547 0.231944 0.071094 0.080556
1 0.612891 0.078472 0.042969 0.037500
0 0.916016 0.746528 0.038281 0.140278
1 0.635938 0.092361 0.043750 0.040278
3 0.818359 0.271528 0.052344 0.087500
1 0.407422 0.511111 0.191406 0.186111
1 0.378125 0.018750 0.057813 0.034722
1 0.004297 0.552778 0.008594 0.080556
