3 0.651953 0.110417 0.050781 0.056944
1 0.855078 0.051389 0.014844 0.019444
0 0.442578 0.067361 0.007031 0.034722
3 0.377734 0.017361 0.058594 0.034722
1 0.705078 0.094444 0.042969 0.041667
1 0.546484 0.109722 0.061719 0.058333
1 0.623828 0.054861 0.033594 0.026389
0 0.419141 0.057639 0.007031 0.026389
1 0.572266 0.056250 0.044531 0.034722
3 0.948828 0.104861 0.016406 0.031944
1 0.016797 0.224306 0.033594 0.065278
1 0.628906 0.064583 0.040625 0.045833
0 0.395703 0.078472 0.011719 0.037500
0 0.931641 0.233333 0.010156 0.047222
3 0.828516 0.127083 0.030469 0.043056
3 0.819141 0.053472 0.019531 0.020833
2 0.376563 0.018750 0.057813 0.034722
1 0.018750 0.155556 0.021875 0.036111
1 0.104688 0.454167 0.159375 0.163889
