3 0.544141 0.171528 0.071094 0.084722
1 0.844922 0.068056 0.016406 0.022222
1 0.662500 0.105556 0.050000 0.052778
1 0.452734 0.066667 0.053906 0.036111
1 0.336328 0.070139 0.052344 0.040278
1 0.017578 0.224306 0.035156 0.068056
1 0.055859 0.196528 0.032031 0.048611
0 0.939453 0.255556 0.013281 0.052778
1 0.071875 0.152083 0.029687 0.040278
1 0.537109 0.116667 0.055469 0.050000
0 0.923828 0.243056 0.010156 0.047222
3 0.058594 0.321528 0.117188 0.168056
1 0.046094 0.140278 0.020313 0.025000
3 0.626563 0.186111 0.056250 0.088889
3 0.404687 0.135417 0.087500 0.068056
3 0.543750 0.170833 0.071875 0.086111
