3 0.662500 0.108333 0.056250 0.055556
1 0.616797 0.072222 0.046094 0.041667
0 0.412891 0.088889 0.008594 0.041667
0 0.396094 0.091667 0.009375 0.038889
1 0.834766 0.052778 0.019531 0.022222
0 0.366016 0.095139 0.010156 0.040278
3 0.894141 0.093056 0.017969 0.027778
1 0.712891 0.090278 0.032031 0.038889
1 0.601562 0.051389 0.037500 0.036111
0 0.396094 0.090278 0.007812 0.038889
3 0.880859 0.172917 0.049219 0.090278
3 0.747266 0.203472 0.069531 0.081944
3 0.126562 0.304167 0.104688 0.102778
3 0.420312 0.494444 0.196875 0.200000
1 0.014453 0.213889 0.028906 0.069444
1 0.104688 0.606250 0.160938 0.176389
1 0.696484 0.047222 0.028906 0.027778
1 0.006250 0.543750 0.012500 0.098611
