0 0.862109 0.211806 0.014844 0.056944
1 0.283203 0.297917 0.082031 0.109722
1 0.059766 0.196528 0.035156 0.059722
1 0.825391 0.056250 0.014844 0.020833
1 0.566016 0.940972 0.202344 0.112500
1 0.133984 0.278472 0.057031 0.081944
1 0.317578 0.142361 0.060156 0.056944
1 0.125000 0.188889 0.039062 0.052778
1 0.528516 0.146528 0.078906 0.056944
3 0.067187 0.321528 0.067187 0.126389
3 0.303125 0.445833 0.150000 0.180556
3 0.252734 0.096528 0.041406 0.034722
1 0.075781 0.155556 0.028125 0.038889
1 0.876953 0.420833 0.116406 0.105556
