3 0.587109 0.137500 0.072656 0.075000
1 0.861328 0.062500 0.016406 0.022222
1 0.689453 0.097917 0.044531 0.048611
1 0.511328 0.061806 0.052344 0.040278
1 0.401172 0.067361 0.057031 0.043056
1 0.017188 0.224306 0.034375 0.065278
1 0.055859 0.196528 0.032031 0.048611
0 0.939453 0.254861 0.011719 0.056944
1 0.061328 0.146528 0.025781 0.034722
1 0.666016 0.083333 0.036719 0.036111
0 0.923047 0.244444 0.011719 0.055556
3 0.341406 0.175694 0.106250 0.115278
3 0.662891 0.143056 0.060156 0.069444
3 0.608203 0.076389 0.052344 0.041667
3 0.587891 0.136806 0.072656 0.076389
1 0.241406 0.338889 0.135937 0.136111
