3 0.669922 0.106250 0.057031 0.054167
1 0.451172 0.141667 0.074219 0.069444
1 0.742578 0.079861 0.039844 0.048611
0 0.267578 0.134722 0.010156 0.047222
0 0.191016 0.159028 0.011719 0.040278
0 0.251563 0.137500 0.012500 0.047222
1 0.868359 0.105556 0.019531 0.027778
1 0.198437 0.222917 0.085938 0.079167
1 0.012891 0.382639 0.025781 0.073611
1 0.844922 0.168750 0.038281 0.051389
1 0.719141 0.253472 0.066406 0.079167
0 0.241016 0.136111 0.007031 0.038889
3 0.487891 0.061111 0.058594 0.041667
3 0.530078 0.285417 0.132031 0.126389
3 0.588672 0.077778 0.055469 0.050000
1 0.783984 0.059028 0.033594 0.068056
1 0.474609 0.110417 0.049219 0.045833
1 0.006250 0.547917 0.012500 0.098611
