3 0.671484 0.138194 0.057031 0.062500
1 0.754297 0.084722 0.027344 0.036111
3 0.086328 0.061806 0.025781 0.031944
3 0.348047 0.186111 0.182031 0.125000
1 0.566016 0.086111 0.050781 0.050000
3 0.630859 0.086111 0.053906 0.052778
1 0.100391 0.178472 0.032031 0.051389
0 0.122656 0.193750 0.020313 0.037500
1 0.142578 0.069444 0.022656 0.027778
1 0.809766 0.181250 0.042969 0.059722
1 0.721484 0.090972 0.036719 0.043056
3 0.636328 0.243056 0.082031 0.077778
1 0.478516 0.468750 0.157031 0.145833
0 0.239453 0.044444 0.007031 0.025000
1 0.826172 0.056250 0.019531 0.020833
1 0.798438 0.058333 0.020313 0.025000
1 0.546094 0.063194 0.048438 0.031944
