1 0.409766 0.167361 0.085156 0.068056
1 0.101562 0.177778 0.035937 0.052778
1 0.841016 0.053472 0.016406 0.018056
1 0.518359 0.204861 0.063281 0.098611
3 0.778516 0.059028 0.024219 0.029167
1 0.747266 0.086111 0.030469 0.036111
1 0.672266 0.103472 0.041406 0.045833
1 0.641016 0.165278 0.050781 0.063889
1 0.771875 0.097917 0.032813 0.034722
1 0.629297 0.091667 0.044531 0.041667
1 0.053906 0.093750 0.015625 0.020833
1 0.470703 0.118750 0.066406 0.048611
1 0.655859 0.063194 0.039844 0.040278
1 0.981250 0.816667 0.035937 0.219444
