0 0.838672 0.200694 0.011719 0.054167
1 0.096875 0.238194 0.046875 0.079167
1 0.798828 0.056944 0.019531 0.025000
1 0.259766 0.402083 0.107031 0.137500
1 0.199219 0.243750 0.059375 0.073611
1 0.383984 0.102778 0.060156 0.044444
3 0.182031 0.509722 0.142187 0.233333
3 0.725781 0.820833 0.282813 0.347222
3 0.175391 0.075000 0.027344 0.038889
1 0.763672 0.297222 0.097656 0.088889
1 0.845703 0.295139 0.089844 0.090278
1 0.110156 0.181944 0.037500 0.050000
1 0.645703 0.286111 0.108594 0.088889
3 0.045312 0.129861 0.028125 0.054167
