1 0.873047 0.114583 0.024219 0.031944
1 0.906641 0.113194 0.017969 0.034722
1 0.106250 0.168750 0.028125 0.029167
1 0.697266 0.120833 0.050781 0.061111
1 0.943359 0.113194 0.017969 0.029167
3 0.080469 0.161806 0.035937 0.051389
2 0.149219 0.220139 0.231250 0.226389
2 0.018750 0.199306 0.037500 0.123611
1 0.519922 0.126389 0.061719 0.052778
1 0.792188 0.206250 0.046875 0.062500
1 0.377734 0.018056 0.060156 0.033333
3 0.786328 0.059028 0.027344 0.029167
3 0.695703 0.058333 0.038281 0.036111
1 0.525000 0.399306 0.126562 0.134722
3 0.566797 0.084722 0.058594 0.050000
1 0.766797 0.051389 0.019531 0.025000
3 0.375781 0.401389 0.148438 0.125000
