0 0.573438 0.096528 0.012500 0.045833
3 0.626953 0.111111 0.011719 0.047222
1 0.157031 0.063194 0.018750 0.023611
1 0.630859 0.181944 0.083594 0.069444
1 0.644141 0.088194 0.041406 0.043056
1 0.702734 0.459028 0.166406 0.134722
3 0.279297 0.083333 0.072656 0.075000
1 0.151953 0.063194 0.017969 0.023611
3 0.182812 0.099306 0.040625 0.054167
3 0.279687 0.081944 0.070312 0.072222
3 0.904297 0.148611 0.028906 0.047222
3 0.414062 0.107639 0.076563 0.062500
3 0.591797 0.244444 0.144531 0.125000
1 0.427344 0.568056 0.234375 0.294444
