1 0.184766 0.499306 0.119531 0.220833
1 0.223047 0.369444 0.089844 0.119444
1 0.376563 0.372917 0.120313 0.148611
1 0.151953 0.214583 0.047656 0.059722
0 0.928516 0.248611 0.010156 0.050000
1 0.073047 0.153472 0.030469 0.040278
1 0.019531 0.151389 0.021875 0.041667
1 0.030078 0.263889 0.039844 0.069444
1 0.602734 0.178472 0.083594 0.065278
1 0.184766 0.500000 0.119531 0.222222
1 0.854297 0.290278 0.094531 0.066667
1 0.033203 0.173611 0.025781 0.041667
1 0.940234 0.475000 0.103906 0.116667
1 0.941797 0.475000 0.107031 0.119444
3 0.013281 0.109028 0.026562 0.062500
1 0.111328 0.057639 0.017969 0.020833
