1 0.150781 0.169444 0.039062 0.050000
3 0.598047 0.077778 0.036719 0.038889
3 0.701172 0.097222 0.046094 0.050000
1 0.228125 0.307639 0.114062 0.098611
1 0.660547 0.072917 0.036719 0.045833
1 0.080859 0.126389 0.021094 0.038889
1 0.710547 0.072222 0.032031 0.038889
3 0.164062 0.081250 0.043750 0.059722
1 0.774609 0.481250 0.155469 0.137500
1 0.838672 0.053472 0.017969 0.023611
1 0.487891 0.136806 0.067969 0.054167
1 0.423438 0.070139 0.051562 0.037500
1 0.017578 0.096528 0.013281 0.023611
1 0.026953 0.120139 0.021094 0.029167
