3 0.494141 0.318750 0.077344 0.148611
1 0.809766 0.084028 0.024219 0.031944
1 0.590234 0.135417 0.058594 0.070833
1 0.335547 0.070139 0.052344 0.037500
1 0.251953 0.068056 0.032031 0.033333
1 0.016797 0.224306 0.033594 0.065278
1 0.055469 0.196528 0.032813 0.048611
0 0.938672 0.258333 0.010156 0.047222
1 0.089063 0.162500 0.034375 0.050000
1 0.101953 0.311806 0.091406 0.098611
0 0.925391 0.243750 0.011719 0.054167
1 0.060937 0.147222 0.025000 0.033333
3 0.676953 0.408333 0.113281 0.186111
3 0.494531 0.318750 0.075000 0.145833
3 0.718359 0.080556 0.046094 0.066667
1 0.676953 0.408333 0.116406 0.188889
1 0.008203 0.468056 0.016406 0.086111
