1 0.151953 0.169444 0.038281 0.047222
3 0.598047 0.077083 0.038281 0.043056
3 0.701953 0.096528 0.047656 0.051389
1 0.150781 0.125694 0.026562 0.037500
1 0.194922 0.107639 0.038281 0.045833
1 0.660156 0.072222 0.037500 0.050000
1 0.194141 0.106944 0.038281 0.047222
1 0.082031 0.127083 0.023438 0.037500
1 0.710547 0.070833 0.033594 0.036111
1 0.354687 0.357639 0.142187 0.098611
1 0.813672 0.056944 0.017969 0.025000
1 0.297656 0.086806 0.040625 0.034722
1 0.401172 0.073611 0.052344 0.036111
3 0.862109 0.530556 0.191406 0.211111
1 0.378125 0.018056 0.057813 0.033333
