0 0.587109 0.104167 0.011719 0.050000
3 0.586719 0.103472 0.010937 0.051389
1 0.816797 0.896528 0.177344 0.204167
1 0.861328 0.300000 0.094531 0.088889
1 0.644141 0.086111 0.042969 0.044444
1 0.818750 0.520833 0.164062 0.147222
3 0.137500 0.073611 0.039062 0.063889
1 0.926172 0.726389 0.102344 0.177778
3 0.266797 0.122917 0.061719 0.073611
3 0.239453 0.078472 0.050781 0.070833
3 0.883203 0.164583 0.033594 0.054167
3 0.428516 0.119444 0.114844 0.116667
3 0.562109 0.152083 0.097656 0.079167
3 0.392188 0.819444 0.301563 0.358333
1 0.913281 0.429167 0.171875 0.169444
1 0.160547 0.306250 0.086719 0.120833
