3 0.464453 0.115972 0.050781 0.051389
3 0.697266 0.100694 0.041406 0.048611
1 0.836328 0.054861 0.017969 0.020833
1 0.378125 0.018750 0.057813 0.034722
1 0.924609 0.107639 0.017969 0.026389
1 0.614453 0.076389 0.044531 0.041667
1 0.272266 0.074306 0.041406 0.031944
1 0.786328 0.074306 0.032031 0.040278
1 0.816016 0.058333 0.021094 0.022222
0 0.062500 0.222917 0.010937 0.045833
0 0.048828 0.243750 0.013281 0.054167
1 0.400391 0.505556 0.174219 0.169444
0 0.808203 0.925694 0.060156 0.145833
1 0.329688 0.786111 0.203125 0.275000
3 0.506641 0.129861 0.075781 0.065278
