1 0.151953 0.170139 0.038281 0.045833
3 0.598047 0.077083 0.036719 0.040278
3 0.701953 0.097222 0.047656 0.050000
1 0.150781 0.125694 0.026562 0.037500
1 0.197266 0.108333 0.038281 0.044444
1 0.660547 0.072917 0.036719 0.048611
1 0.082031 0.125694 0.023438 0.037500
1 0.710938 0.071528 0.034375 0.037500
1 0.364844 0.357639 0.143750 0.101389
1 0.815234 0.056250 0.019531 0.026389
1 0.300000 0.088889 0.040625 0.033333
1 0.401562 0.072917 0.051562 0.034722
3 0.867969 0.534722 0.190625 0.211111
1 0.378125 0.018056 0.057813 0.033333
1 0.881641 0.416667 0.136719 0.122222
