1 0.151562 0.168750 0.039062 0.051389
3 0.129688 0.084028 0.023438 0.034722
3 0.598047 0.077778 0.038281 0.041667
3 0.701953 0.095139 0.049219 0.056944
1 0.150781 0.125694 0.025000 0.031944
1 0.440234 0.321528 0.130469 0.106944
1 0.180469 0.065278 0.025000 0.033333
1 0.660547 0.073611 0.038281 0.050000
1 0.080859 0.126389 0.021094 0.038889
1 0.728516 0.673611 0.216406 0.250000
3 0.252344 0.097917 0.073438 0.087500
3 0.328516 0.105556 0.067969 0.061111
1 0.862109 0.533333 0.155469 0.150000
1 0.752734 0.249306 0.091406 0.076389
1 0.421875 0.070833 0.053125 0.038889
1 0.005859 0.095139 0.011719 0.020833
