3 0.664453 0.106944 0.055469 0.055556
0 0.346875 0.102778 0.007812 0.041667
0 0.277734 0.128472 0.010156 0.045833
0 0.333594 0.109028 0.009375 0.043056
1 0.906641 0.113194 0.019531 0.029167
0 0.307031 0.109028 0.009375 0.040278
3 0.175000 0.060417 0.028125 0.034722
3 0.870703 0.103472 0.025781 0.037500
3 0.019922 0.327083 0.039844 0.079167
1 0.768359 0.097222 0.039844 0.047222
3 0.516797 0.095139 0.067969 0.056944
1 0.719922 0.091667 0.033594 0.036111
3 0.749609 0.165972 0.060156 0.076389
3 0.645312 0.056944 0.053125 0.061111
1 0.930078 0.098611 0.016406 0.022222
1 0.844922 0.053472 0.016406 0.018056
1 0.005859 0.547917 0.011719 0.095833
