3 0.589453 0.136111 0.069531 0.072222
1 0.862109 0.062500 0.013281 0.019444
1 0.691016 0.097222 0.046094 0.050000
1 0.514453 0.060417 0.050781 0.040278
1 0.405859 0.066667 0.060156 0.044444
1 0.017188 0.224306 0.034375 0.065278
1 0.055859 0.196528 0.032031 0.048611
0 0.939453 0.254861 0.010156 0.054167
1 0.060547 0.145833 0.024219 0.033333
1 0.671875 0.080556 0.034375 0.033333
0 0.923047 0.243750 0.010156 0.054167
3 0.358984 0.168750 0.107031 0.115278
3 0.665234 0.141667 0.060156 0.069444
3 0.617578 0.073611 0.047656 0.038889
1 0.240234 0.340278 0.136719 0.136111
