1 0.119141 0.394444 0.083594 0.155556
1 0.170313 0.315278 0.070312 0.097222
1 0.279297 0.300694 0.089844 0.118056
1 0.125391 0.194444 0.041406 0.052778
1 0.061719 0.147222 0.032813 0.038889
1 0.018750 0.150694 0.021875 0.034722
1 0.920703 0.107639 0.014844 0.026389
1 0.019922 0.243750 0.039844 0.068056
1 0.686328 0.216667 0.088281 0.069444
1 0.992969 0.100694 0.012500 0.043056
1 0.118750 0.395833 0.084375 0.158333
1 0.923047 0.343750 0.050781 0.068056
1 0.030859 0.166667 0.025781 0.036111
1 0.125000 0.059722 0.015625 0.016667
