1 0.151172 0.169444 0.039844 0.050000
3 0.598047 0.077778 0.038281 0.044444
3 0.701562 0.097222 0.046875 0.050000
1 0.593359 0.381250 0.142969 0.123611
1 0.424219 0.070833 0.051562 0.038889
1 0.276562 0.075694 0.040625 0.043056
1 0.659766 0.075694 0.038281 0.045833
1 0.424219 0.112500 0.051562 0.050000
3 0.136719 0.075694 0.042188 0.059722
1 0.084766 0.222917 0.044531 0.062500
1 0.081250 0.312500 0.067187 0.130556
1 0.172266 0.065972 0.021094 0.026389
3 0.669141 0.292361 0.133594 0.118056
1 0.171484 0.065278 0.022656 0.027778
