3 0.500391 0.365972 0.083594 0.176389
1 0.801953 0.088889 0.025781 0.033333
1 0.573047 0.146528 0.063281 0.081944
1 0.315234 0.072222 0.050781 0.036111
1 0.237109 0.065278 0.035156 0.038889
1 0.017188 0.225000 0.034375 0.066667
1 0.055859 0.197222 0.030469 0.047222
0 0.939453 0.258333 0.011719 0.055556
1 0.091406 0.164583 0.034375 0.051389
1 0.022266 0.367361 0.044531 0.081944
0 0.925391 0.243056 0.013281 0.058333
1 0.062891 0.149306 0.025781 0.034722
3 0.722266 0.489583 0.150781 0.229167
3 0.500391 0.366667 0.085156 0.177778
3 0.713281 0.081250 0.048438 0.068056
1 0.722266 0.488889 0.150781 0.230556
1 0.020703 0.457639 0.041406 0.084722
1 0.321484 0.263194 0.102344 0.112500
