1 0.148438 0.167361 0.037500 0.045833
3 0.188672 0.147222 0.047656 0.047222
3 0.063281 0.199306 0.045312 0.073611
3 0.600000 0.074306 0.039062 0.037500
3 0.703125 0.095833 0.048438 0.047222
3 0.158594 0.090972 0.031250 0.037500
1 0.902734 0.900000 0.192969 0.197222
1 0.633984 0.398611 0.146094 0.130556
1 0.901953 0.899306 0.194531 0.198611
1 0.437891 0.068056 0.052344 0.036111
1 0.508203 0.141667 0.071094 0.052778
1 0.711328 0.071528 0.035156 0.034722
1 0.260156 0.119444 0.046875 0.052778
3 0.758594 0.264583 0.096875 0.090278
3 0.863672 0.363889 0.232031 0.255556
