0 0.776953 0.168750 0.014844 0.051389
1 0.208594 0.061806 0.023438 0.026389
3 0.156250 0.129861 0.040625 0.048611
1 0.333203 0.089583 0.050781 0.040278
1 0.738672 0.835417 0.235156 0.323611
1 0.061328 0.302778 0.053906 0.111111
1 0.010547 0.145833 0.019531 0.033333
3 0.973437 0.617361 0.051562 0.084722
1 0.074219 0.150000 0.029687 0.041667
3 0.525781 0.940972 0.121875 0.112500
1 0.089844 0.079861 0.018750 0.029167
1 0.580078 0.531944 0.182031 0.188889
1 0.243359 0.122917 0.039844 0.040278
3 0.154297 0.200694 0.067969 0.118056
1 0.689844 0.310417 0.117188 0.093056
