3 0.657422 0.145833 0.060156 0.066667
1 0.754297 0.082639 0.032031 0.037500
3 0.079297 0.336806 0.158594 0.159722
1 0.435547 0.122222 0.072656 0.066667
3 0.583984 0.079861 0.061719 0.043056
1 0.101562 0.177083 0.035937 0.054167
1 0.097656 0.065278 0.017188 0.022222
1 0.871484 0.136806 0.025781 0.040278
1 0.720703 0.090278 0.038281 0.044444
3 0.773828 0.162500 0.042969 0.050000
1 0.755859 0.245833 0.060156 0.069444
1 0.818359 0.056944 0.021094 0.022222
1 0.785547 0.059722 0.021094 0.022222
1 0.403125 0.070139 0.059375 0.037500
3 0.510547 0.125694 0.077344 0.070833
3 0.035156 0.060417 0.068750 0.037500
1 0.868359 0.069444 0.016406 0.022222
3 0.355078 0.393056 0.169531 0.155556
