1 0.418359 0.814583 0.255469 0.368056
1 0.360938 0.507639 0.148438 0.181944
1 0.632031 0.560417 0.181250 0.226389
1 0.208984 0.257639 0.061719 0.070833
0 0.921484 0.243750 0.013281 0.056944
1 0.086719 0.159722 0.032813 0.050000
1 0.023438 0.156944 0.023438 0.041667
1 0.933984 0.099306 0.013281 0.020833
1 0.050000 0.303472 0.050000 0.084722
1 0.494922 0.137500 0.071094 0.052778
1 0.425781 0.816667 0.257812 0.361111
1 0.041406 0.182639 0.026562 0.045833
1 0.815234 0.390972 0.127344 0.112500
1 0.094531 0.054167 0.014063 0.022222
