1 0.150781 0.170833 0.039062 0.047222
3 0.676562 0.297917 0.128125 0.104167
3 0.257812 0.075000 0.043750 0.044444
3 0.046484 0.130556 0.022656 0.041667
3 0.598047 0.078472 0.036719 0.040278
3 0.192188 0.148611 0.045312 0.050000
3 0.902344 0.876389 0.193750 0.244444
1 0.201172 0.368056 0.089844 0.116667
1 0.068359 0.215278 0.036719 0.061111
3 0.708984 0.095139 0.044531 0.051389
1 0.391016 0.130556 0.058594 0.058333
1 0.582422 0.164583 0.096094 0.079167
3 0.014063 0.138194 0.028125 0.068056
1 0.096875 0.177083 0.039062 0.051389
1 0.078125 0.061111 0.015625 0.025000
3 0.848828 0.290278 0.228906 0.188889
