0 0.828516 0.195139 0.011719 0.054167
1 0.125000 0.265972 0.056250 0.093056
1 0.786328 0.059722 0.019531 0.027778
1 0.380469 0.515972 0.154688 0.190278
1 0.257422 0.288889 0.078906 0.091667
1 0.336328 0.090278 0.050781 0.036111
3 0.315625 0.703472 0.237500 0.356944
3 0.151172 0.074306 0.024219 0.029167
1 0.664453 0.244444 0.092969 0.080556
1 0.740234 0.235417 0.083594 0.079167
3 0.054297 0.286111 0.061719 0.130556
1 0.132422 0.197917 0.042969 0.054167
1 0.551172 0.239583 0.092969 0.073611
3 0.053125 0.136111 0.031250 0.063889
