3 0.624609 0.171528 0.057031 0.081944
1 0.752734 0.084028 0.030469 0.037500
3 0.232031 0.208333 0.115625 0.097222
1 0.101562 0.177778 0.034375 0.050000
1 0.707422 0.093750 0.041406 0.045833
3 0.876172 0.105556 0.021094 0.027778
1 0.892578 0.131944 0.021094 0.030556
1 0.790234 0.059028 0.021094 0.026389
1 0.816797 0.084722 0.024219 0.030556
1 0.204687 0.070833 0.029687 0.025000
3 0.014453 0.375694 0.028906 0.098611
1 0.874609 0.066667 0.013281 0.016667
3 0.801953 0.138889 0.041406 0.050000
3 0.624609 0.172222 0.058594 0.083333
1 0.325391 0.070139 0.050781 0.031944
