0 0.825391 0.193750 0.014844 0.056944
1 0.129688 0.271528 0.056250 0.093056
1 0.783984 0.060417 0.022656 0.029167
1 0.405078 0.540278 0.163281 0.200000
1 0.269141 0.297222 0.083594 0.094444
1 0.328906 0.088194 0.048438 0.037500
3 0.346094 0.744444 0.259375 0.383333
3 0.147656 0.073611 0.025000 0.030556
1 0.648828 0.236806 0.092969 0.079167
1 0.723437 0.228472 0.082812 0.079167
3 0.058203 0.293750 0.063281 0.134722
1 0.136328 0.201389 0.044531 0.055556
1 0.536719 0.233333 0.092188 0.075000
3 0.054688 0.135417 0.032813 0.065278
