1 0.101562 0.181250 0.037500 0.059722
1 0.685547 0.125694 0.053906 0.065278
1 0.696094 0.060417 0.034375 0.034722
3 0.076563 0.161111 0.032813 0.055556
2 0.017578 0.193750 0.035156 0.134722
1 0.933203 0.100000 0.014844 0.022222
3 0.422656 0.144444 0.100000 0.105556
3 0.353906 0.148611 0.092188 0.077778
1 0.907422 0.111111 0.019531 0.030556
1 0.033984 0.515972 0.067969 0.106944
1 0.821484 0.129861 0.033594 0.045833
1 0.119141 0.303472 0.099219 0.098611
3 0.613672 0.070139 0.050781 0.048611
3 0.878516 0.100000 0.019531 0.027778
