1 0.197266 0.187500 0.052344 0.058333
3 0.598828 0.079861 0.038281 0.040278
3 0.700391 0.096528 0.047656 0.051389
1 0.187891 0.148611 0.035156 0.036111
1 0.087109 0.127778 0.028906 0.041667
1 0.660547 0.078472 0.039844 0.045833
1 0.133984 0.086806 0.027344 0.037500
1 0.705859 0.070833 0.041406 0.036111
1 0.134375 0.086806 0.026562 0.037500
3 0.012109 0.395833 0.024219 0.102778
1 0.551172 0.428472 0.166406 0.126389
0 0.801953 0.026389 0.008594 0.041667
1 0.013281 0.396528 0.025000 0.104167
1 0.376953 0.018056 0.060156 0.033333
