3 0.627734 0.168750 0.057031 0.079167
1 0.753125 0.081250 0.029687 0.040278
3 0.254688 0.195139 0.110937 0.095833
1 0.101562 0.177778 0.034375 0.050000
1 0.708203 0.093750 0.041406 0.045833
3 0.873828 0.107639 0.022656 0.029167
1 0.889453 0.132639 0.021094 0.031944
1 0.791406 0.058333 0.021875 0.027778
1 0.819141 0.084722 0.024219 0.030556
1 0.210938 0.072222 0.029687 0.025000
3 0.032422 0.349306 0.064844 0.129167
1 0.876172 0.068056 0.013281 0.016667
3 0.794141 0.143750 0.042969 0.051389
3 0.747656 0.234028 0.068750 0.084722
3 0.627734 0.169444 0.057031 0.080556
1 0.335938 0.069444 0.051562 0.036111
