1 0.151562 0.168750 0.039062 0.051389
3 0.141406 0.087500 0.023438 0.036111
3 0.598047 0.077778 0.036719 0.038889
3 0.701953 0.096528 0.049219 0.054167
1 0.151953 0.126389 0.027344 0.033333
1 0.473438 0.331250 0.132812 0.112500
1 0.189062 0.067361 0.025000 0.031944
1 0.660937 0.074306 0.039062 0.048611
1 0.140234 0.086806 0.025781 0.034722
1 0.081250 0.126389 0.020313 0.038889
1 0.805859 0.369444 0.130469 0.122222
1 0.517578 0.513194 0.178906 0.195833
3 0.283203 0.104861 0.085156 0.098611
3 0.372266 0.118750 0.075781 0.070833
1 0.875391 0.543056 0.158594 0.152778
