3 0.646484 0.151389 0.058594 0.069444
1 0.753906 0.085417 0.028125 0.029167
1 0.246094 0.194444 0.085938 0.086111
3 0.462891 0.118056 0.085156 0.066667
1 0.101562 0.177778 0.034375 0.050000
1 0.070703 0.062500 0.013281 0.019444
1 0.901953 0.115278 0.021094 0.033333
1 0.716797 0.093056 0.038281 0.038889
3 0.834766 0.126389 0.030469 0.038889
1 0.845703 0.172222 0.035156 0.044444
1 0.808203 0.058333 0.017969 0.022222
1 0.765234 0.061806 0.025781 0.023611
1 0.285156 0.077083 0.046875 0.029167
3 0.317188 0.202083 0.114062 0.098611
1 0.846484 0.076389 0.019531 0.025000
3 0.667578 0.208333 0.085156 0.086111
3 0.555078 0.372917 0.139844 0.143056
1 0.244922 0.195833 0.086719 0.088889
3 0.647266 0.152083 0.060156 0.068056
