3 0.673047 0.136111 0.057031 0.063889
1 0.754297 0.084028 0.027344 0.034722
3 0.089453 0.061111 0.030469 0.033333
3 0.377734 0.168750 0.175781 0.126389
1 0.577734 0.084028 0.049219 0.048611
3 0.643750 0.084028 0.053125 0.051389
1 0.102344 0.178472 0.034375 0.048611
0 0.136328 0.183333 0.016406 0.036111
1 0.150781 0.069444 0.023438 0.030556
1 0.797656 0.191667 0.043750 0.061111
1 0.721094 0.091667 0.037500 0.044444
3 0.610156 0.259028 0.089063 0.084722
1 0.415625 0.517361 0.171875 0.165278
0 0.240234 0.043750 0.007031 0.029167
1 0.825391 0.056250 0.019531 0.023611
1 0.799609 0.059028 0.019531 0.023611
1 0.562109 0.060417 0.047656 0.034722
