1 0.148828 0.168056 0.038281 0.044444
3 0.189453 0.140972 0.049219 0.062500
3 0.231641 0.359028 0.132031 0.201389
3 0.600781 0.074306 0.042188 0.040278
3 0.703125 0.095833 0.046875 0.047222
3 0.101562 0.074306 0.021875 0.034722
1 0.596484 0.379861 0.146094 0.129167
1 0.426172 0.068056 0.050781 0.036111
1 0.314844 0.092361 0.032813 0.026389
1 0.150781 0.088889 0.026562 0.036111
3 0.326562 0.114583 0.028125 0.043056
1 0.888672 0.318750 0.088281 0.090278
3 0.389062 0.141667 0.129688 0.127778
1 0.554297 0.147222 0.078906 0.066667
