1 0.851172 0.122222 0.028906 0.036111
1 0.894141 0.125000 0.024219 0.038889
1 0.105078 0.181944 0.036719 0.058333
1 0.698047 0.119444 0.049219 0.058333
1 0.919531 0.102083 0.015625 0.026389
3 0.078906 0.161806 0.031250 0.051389
2 0.262500 0.162500 0.215625 0.183333
2 0.019141 0.200000 0.038281 0.125000
1 0.580859 0.107639 0.050781 0.045833
1 0.735547 0.252083 0.064844 0.079167
3 0.797266 0.057639 0.025781 0.026389
3 0.713672 0.059722 0.028906 0.036111
0 0.941797 0.259722 0.013281 0.047222
2 0.378125 0.018750 0.059375 0.034722
1 0.301563 0.577778 0.179688 0.197222
3 0.122656 0.585417 0.170313 0.173611
