3 0.653906 0.111111 0.057813 0.058333
0 0.443750 0.072222 0.009375 0.041667
3 0.376953 0.017361 0.058594 0.034722
1 0.705078 0.093056 0.041406 0.041667
1 0.607422 0.092361 0.052344 0.048611
1 0.626563 0.054861 0.037500 0.029167
0 0.424609 0.059722 0.008594 0.036111
1 0.573047 0.055556 0.046094 0.038889
3 0.943359 0.109722 0.017969 0.033333
1 0.017578 0.225000 0.035156 0.066667
1 0.683203 0.063889 0.033594 0.030556
0 0.401172 0.080556 0.008594 0.036111
0 0.931641 0.230556 0.010156 0.047222
3 0.793359 0.145833 0.036719 0.050000
3 0.830078 0.054167 0.016406 0.019444
2 0.375781 0.018750 0.056250 0.034722
1 0.014453 0.151389 0.019531 0.033333
1 0.079297 0.474306 0.158594 0.168056
