3 0.641016 0.155556 0.058594 0.072222
1 0.754297 0.077083 0.032031 0.048611
1 0.145313 0.243750 0.087500 0.104167
3 0.388281 0.143056 0.100000 0.075000
1 0.101562 0.177778 0.034375 0.050000
1 0.910547 0.111806 0.016406 0.026389
1 0.714453 0.092361 0.039844 0.043056
3 0.851953 0.116667 0.022656 0.030556
1 0.866016 0.152778 0.028906 0.041667
1 0.803125 0.059028 0.020313 0.023611
1 0.842187 0.081250 0.020313 0.026389
1 0.251953 0.077083 0.032031 0.023611
3 0.201563 0.257639 0.121875 0.115278
1 0.836328 0.079167 0.021094 0.027778
3 0.732031 0.175000 0.060937 0.069444
3 0.657422 0.297222 0.103906 0.113889
1 0.146484 0.242361 0.088281 0.104167
