3 0.696484 0.096528 0.046094 0.043056
1 0.451172 0.148611 0.072656 0.063889
1 0.783984 0.069444 0.028906 0.052778
1 0.809766 0.057639 0.022656 0.023611
0 0.182812 0.175000 0.012500 0.050000
1 0.897266 0.121528 0.019531 0.031944
0 0.951172 0.603472 0.030469 0.115278
3 0.868359 0.138889 0.033594 0.052778
1 -0.000391 0.395139 -0.000781 0.065278
1 0.837109 0.128472 0.028906 0.037500
0 0.102734 0.202083 0.013281 0.048611
0 0.908203 0.699306 0.039844 0.112500
1 0.199609 0.223611 0.088281 0.077778
0 0.172266 0.175000 0.010156 0.052778
1 0.548047 0.282639 0.092969 0.101389
1 0.639062 0.073611 0.040625 0.036111
0 0.904297 0.785417 0.041406 0.120833
1 0.669141 0.084028 0.035156 0.034722
3 0.770703 0.334028 0.075781 0.112500
1 0.236719 0.650694 0.223438 0.243056
