3 0.653516 0.111806 0.053906 0.056944
0 0.445703 0.071528 0.007031 0.043056
1 0.838672 0.052778 0.017969 0.022222
0 0.435156 0.079861 0.007812 0.037500
3 0.376172 0.018750 0.055469 0.034722
1 0.705078 0.096528 0.042969 0.045833
1 0.626172 0.055556 0.039844 0.030556
1 0.573047 0.056250 0.046094 0.037500
3 0.906641 0.136806 0.028906 0.043056
1 0.017969 0.225000 0.035937 0.072222
1 0.866016 0.110417 0.019531 0.031944
1 0.796094 0.056250 0.020313 0.029167
0 0.405859 0.092361 0.008594 0.040278
3 0.072266 0.335417 0.128906 0.131944
1 0.497266 0.132639 0.067969 0.056944
0 0.934766 0.220139 0.008594 0.040278
3 0.306641 0.436806 0.161719 0.154167
2 0.377344 0.018750 0.057813 0.034722
1 0.031250 0.519444 0.062500 0.116667
