1 0.633984 0.192361 0.049219 0.070833
1 0.166016 0.059028 0.024219 0.026389
1 0.121875 0.057639 0.018750 0.020833
1 0.016406 0.222222 0.032813 0.069444
1 0.053125 0.195833 0.031250 0.050000
0 0.976172 0.191667 0.008594 0.041667
1 0.101953 0.170833 0.035156 0.050000
1 0.076172 0.163194 0.024219 0.037500
3 0.583594 0.120139 0.070312 0.101389
2 0.376953 0.016667 0.058594 0.033333
1 0.016016 0.150000 0.021094 0.033333
1 0.257031 0.328472 0.096875 0.109722
1 0.890234 0.275000 0.082031 0.083333
1 0.082031 0.389583 0.104688 0.109722
1 0.247656 0.086806 0.043750 0.043056
