3 0.653516 0.110417 0.055469 0.059722
1 0.811328 0.055556 0.024219 0.025000
0 0.444141 0.075694 0.011719 0.048611
3 0.376563 0.017361 0.057813 0.034722
1 0.705859 0.093056 0.044531 0.047222
1 0.669141 0.079167 0.038281 0.038889
1 0.626172 0.053472 0.039844 0.029167
0 0.431250 0.063194 0.009375 0.037500
1 0.573047 0.055556 0.046094 0.038889
1 0.016797 0.225694 0.033594 0.068056
0 0.405078 0.084028 0.010156 0.040278
1 0.152344 0.284722 0.101562 0.097222
0 0.933203 0.225694 0.011719 0.048611
3 0.717187 0.185417 0.059375 0.070833
3 0.842578 0.050694 0.014844 0.018056
1 0.008203 0.143750 0.016406 0.031944
1 0.061328 0.504167 0.122656 0.175000
