1 0.148828 0.166667 0.041406 0.044444
3 0.190234 0.140972 0.044531 0.065278
1 0.370703 0.380556 0.122656 0.150000
3 0.119922 0.053472 0.021094 0.031944
3 0.598437 0.077083 0.039062 0.040278
3 0.189844 0.141667 0.046875 0.063889
3 0.701953 0.096528 0.047656 0.048611
1 0.142578 0.070139 0.021094 0.029167
3 0.148047 0.272222 0.100781 0.177778
3 0.358203 0.089583 0.069531 0.059722
1 0.449219 0.150000 0.067187 0.044444
3 0.466797 0.196528 0.097656 0.084722
1 0.860156 0.522917 0.150000 0.159722
1 0.077734 0.225000 0.042969 0.069444
2 0.234766 0.075000 0.055469 0.066667
1 0.710547 0.071528 0.035156 0.037500
1 0.562891 0.059028 0.041406 0.031944
3 0.922266 0.316667 0.142969 0.169444
