0 0.844922 0.204167 0.013281 0.052778
1 0.083594 0.223611 0.045312 0.072222
1 0.213281 0.355556 0.085938 0.113889
1 0.173047 0.224306 0.052344 0.065278
1 0.418750 0.112500 0.065625 0.047222
3 0.134766 0.438194 0.111719 0.187500
3 0.574609 0.693056 0.252344 0.300000
1 0.806641 0.057639 0.019531 0.020833
3 0.192188 0.077083 0.032813 0.045833
1 0.825391 0.334028 0.099219 0.095833
1 0.241797 0.120833 0.039844 0.038889
1 0.907422 0.334028 0.082031 0.090278
1 0.098437 0.172917 0.032813 0.045833
1 0.707812 0.319444 0.109375 0.091667
3 0.037500 0.127083 0.035937 0.054167
