3 0.654687 0.112500 0.057813 0.055556
1 0.140625 0.247917 0.096875 0.106944
0 0.445703 0.075000 0.007031 0.038889
0 0.417578 0.082639 0.008594 0.037500
1 0.708203 0.089583 0.042969 0.045833
1 0.626172 0.054861 0.038281 0.029167
0 0.439453 0.077083 0.007031 0.037500
1 0.573047 0.056944 0.044531 0.036111
3 0.866797 0.163194 0.038281 0.056944
1 0.016797 0.224306 0.033594 0.073611
1 0.815234 0.137500 0.028906 0.038889
1 0.822266 0.055556 0.017969 0.019444
0 0.390625 0.095833 0.009375 0.041667
3 0.379297 0.173611 0.105469 0.086111
1 0.015234 0.539583 0.030469 0.109722
