3 0.598437 0.079861 0.037500 0.040278
3 0.701172 0.096528 0.049219 0.056944
1 0.890234 0.095833 0.014844 0.025000
1 0.700000 0.225000 0.087500 0.075000
1 0.532422 0.059722 0.050781 0.044444
1 0.209375 0.065278 0.028125 0.033333
1 0.803906 0.140278 0.039062 0.055556
1 0.208594 0.194444 0.057813 0.063889
1 0.801953 0.057639 0.019531 0.023611
1 0.013672 0.063889 0.024219 0.022222
1 0.091797 0.130556 0.030469 0.047222
1 0.841016 0.054861 0.030469 0.023611
1 0.403125 0.415972 0.168750 0.123611
1 0.660547 0.078472 0.041406 0.048611
1 0.869141 0.059028 0.014844 0.018056
