1 0.151172 0.170833 0.038281 0.044444
3 0.603125 0.258333 0.118750 0.097222
3 0.239453 0.072222 0.038281 0.041667
3 0.598437 0.077778 0.035937 0.038889
1 0.267969 0.439583 0.123438 0.154167
1 0.192578 0.143056 0.044531 0.058333
1 0.082812 0.231250 0.042188 0.068056
3 0.706250 0.091667 0.043750 0.055556
1 0.352734 0.117361 0.050781 0.054167
1 0.531641 0.145139 0.089844 0.070833
1 0.018750 0.143056 0.032813 0.072222
3 0.017969 0.142361 0.034375 0.073611
1 0.116406 0.193056 0.042188 0.055556
1 0.073828 0.058333 0.016406 0.027778
3 0.724609 0.244444 0.144531 0.172222
