1 0.198437 0.265972 0.100000 0.095833
1 0.634766 0.232639 0.078906 0.079167
1 0.039453 0.317361 0.078906 0.106944
1 0.741797 0.239583 0.066406 0.084722
1 0.105859 0.181944 0.036719 0.058333
1 0.699609 0.119444 0.049219 0.058333
1 0.346484 0.155556 0.077344 0.072222
1 0.878516 0.179861 0.033594 0.054167
1 0.525781 0.124306 0.064062 0.054167
3 0.079687 0.161806 0.032813 0.051389
1 0.912891 0.144444 0.021094 0.038889
1 0.849609 0.155556 0.032031 0.050000
2 0.593359 0.062500 0.108594 0.086111
2 0.018750 0.200000 0.037500 0.122222
3 0.237891 0.485417 0.163281 0.187500
2 0.742188 0.239583 0.067187 0.087500
