1 0.150781 0.169444 0.037500 0.047222
3 0.193359 0.140972 0.042969 0.062500
3 0.595703 0.081250 0.033594 0.034722
3 0.701562 0.097222 0.048438 0.052778
1 0.141016 0.123611 0.030469 0.038889
1 0.595703 0.381944 0.142969 0.125000
1 0.423047 0.070833 0.050781 0.036111
1 0.660937 0.072222 0.035937 0.050000
1 0.588672 0.161111 0.072656 0.058333
3 0.205078 0.093750 0.067969 0.081944
1 0.082422 0.125694 0.025781 0.037500
1 0.037891 0.174306 0.028906 0.045833
1 0.021484 0.218056 0.038281 0.077778
1 0.372266 0.096528 0.053906 0.048611
