0 0.839453 0.200694 0.010156 0.054167
1 0.095703 0.236111 0.044531 0.077778
1 0.799219 0.057639 0.020313 0.026389
1 0.253906 0.395833 0.103125 0.130556
1 0.196094 0.240972 0.059375 0.073611
1 0.387891 0.104167 0.060156 0.044444
3 0.175000 0.500000 0.137500 0.225000
3 0.707422 0.804167 0.277344 0.338889
3 0.177734 0.075694 0.028906 0.040278
1 0.771875 0.301389 0.096875 0.088889
1 0.854297 0.300000 0.089844 0.088889
3 0.034375 0.252778 0.050000 0.108333
1 0.107813 0.179861 0.035937 0.048611
1 0.653516 0.290972 0.107031 0.087500
3 0.043750 0.129167 0.029687 0.055556
