3 0.651172 0.112500 0.057031 0.055556
1 0.806641 0.054167 0.032031 0.025000
0 0.397266 0.050694 0.010156 0.029167
3 0.375781 0.018750 0.059375 0.034722
1 0.703906 0.090972 0.037500 0.043056
1 0.576953 0.056944 0.044531 0.033333
1 0.511328 0.061806 0.052344 0.040278
1 0.017578 0.225000 0.035156 0.069444
0 0.355078 0.055556 0.010156 0.033333
3 0.497266 0.128472 0.077344 0.065278
1 0.051172 0.191667 0.030469 0.050000
0 0.941016 0.218056 0.010156 0.041667
1 0.019141 0.115972 0.013281 0.020833
1 0.041797 0.125694 0.017969 0.034722
1 0.814453 0.056250 0.019531 0.020833
1 0.512109 0.060417 0.052344 0.040278
3 0.168750 0.270833 0.121875 0.119444
