3 0.680859 0.103472 0.046094 0.048611
1 0.652734 0.083333 0.039844 0.041667
1 0.783984 0.067361 0.033594 0.051389
0 0.228516 0.154167 0.013281 0.047222
1 0.930859 0.097917 0.013281 0.020833
0 0.964453 0.518056 0.021094 0.100000
3 0.917188 0.103472 0.020313 0.034722
1 0.896094 0.096528 0.017188 0.023611
0 0.150391 0.176389 0.010156 0.047222
0 0.943359 0.577083 0.027344 0.065278
0 0.216016 0.153472 0.008594 0.048611
1 0.789062 0.145833 0.035937 0.050000
1 0.496484 0.105556 0.052344 0.044444
0 0.933203 0.659028 0.032031 0.115278
1 0.457422 0.149306 0.072656 0.062500
3 0.893359 0.176389 0.030469 0.052778
1 0.712500 0.272222 0.082812 0.086111
1 0.375781 0.017361 0.057813 0.034722
1 0.006250 0.540972 0.012500 0.084722
