3 0.797266 0.597222 0.185156 0.272222
1 0.532031 0.122917 0.060937 0.051389
1 0.101562 0.177778 0.034375 0.050000
1 0.566797 0.149306 0.058594 0.073611
1 0.785156 0.077083 0.023438 0.031944
1 0.709766 0.095139 0.035156 0.040278
1 0.689063 0.130556 0.046875 0.050000
1 0.805469 0.087500 0.026562 0.033333
3 0.797656 0.597917 0.184375 0.270833
1 0.148438 0.062500 0.021875 0.022222
1 0.683203 0.079861 0.036719 0.034722
0 0.085156 0.279167 0.015625 0.052778
3 0.018750 0.370139 0.037500 0.084722
1 0.040625 0.090278 0.014063 0.019444
