3 0.598047 0.079861 0.038281 0.043056
3 0.700391 0.096528 0.049219 0.056944
1 0.892578 0.095833 0.014844 0.025000
1 0.716016 0.222917 0.082031 0.073611
1 0.523828 0.060417 0.050781 0.043056
1 0.203906 0.064583 0.026562 0.031944
1 0.809766 0.138889 0.039844 0.055556
1 0.222656 0.197917 0.060937 0.065278
1 0.802344 0.056944 0.020313 0.025000
3 0.891406 0.096528 0.017188 0.026389
1 0.092969 0.131250 0.034375 0.051389
1 0.835547 0.054861 0.021094 0.023611
1 0.352734 0.407639 0.161719 0.118056
1 0.660547 0.078472 0.041406 0.048611
