3 0.645703 0.153472 0.060156 0.070833
1 0.753516 0.086111 0.028906 0.030556
1 0.232031 0.200000 0.085938 0.088889
3 0.451172 0.121528 0.088281 0.068056
1 0.101562 0.177778 0.034375 0.050000
1 0.069531 0.061806 0.012500 0.018056
1 0.903516 0.114583 0.019531 0.031944
1 0.716016 0.092361 0.038281 0.040278
3 0.837891 0.125694 0.028906 0.037500
1 0.848828 0.169444 0.032031 0.044444
1 0.807422 0.057639 0.017969 0.020833
1 0.764453 0.062500 0.025781 0.022222
1 0.279687 0.076389 0.046875 0.027778
3 0.300391 0.208333 0.114844 0.102778
1 0.844141 0.077083 0.021094 0.026389
3 0.679297 0.203472 0.080469 0.084722
3 0.573047 0.361806 0.132031 0.137500
1 0.232422 0.199306 0.086719 0.090278
