1 0.854297 0.743056 0.171094 0.216667
0 0.873047 0.220833 0.014844 0.052778
1 0.212891 0.249306 0.061719 0.087500
1 0.049609 0.184722 0.032031 0.055556
1 0.837109 0.051389 0.017969 0.025000
1 0.362500 0.786111 0.232813 0.327778
1 0.259766 0.081944 0.036719 0.027778
1 0.105078 0.250694 0.047656 0.073611
1 0.378906 0.168056 0.075000 0.063889
1 0.105859 0.176389 0.035156 0.047222
1 0.605078 0.177083 0.089844 0.065278
3 0.218750 0.367361 0.107813 0.140278
1 0.960547 0.478472 0.058594 0.073611
1 0.065234 0.148611 0.028906 0.036111
