1 0.150781 0.170139 0.037500 0.045833
3 0.148438 0.125694 0.031250 0.034722
3 0.598047 0.077778 0.036719 0.041667
3 0.046484 0.140278 0.021094 0.038889
3 0.701172 0.097222 0.049219 0.052778
1 0.080859 0.125694 0.021094 0.037500
1 0.576953 0.372917 0.142969 0.126389
1 0.421875 0.071528 0.050000 0.037500
1 0.289453 0.108333 0.050781 0.050000
1 0.659766 0.077083 0.038281 0.043056
1 0.357812 0.095139 0.050000 0.045833
3 0.114062 0.069444 0.034375 0.058333
1 0.129297 0.270139 0.060156 0.084722
1 0.148828 0.407639 0.103906 0.198611
1 0.046875 0.136806 0.021875 0.040278
1 0.709766 0.072222 0.032031 0.033333
3 0.500391 0.211111 0.103906 0.091667
1 0.153125 0.063889 0.018750 0.022222
