3 0.355078 0.094444 0.064844 0.055556
1 0.151172 0.170139 0.036719 0.043056
1 0.305859 0.442361 0.150781 0.212500
3 0.598047 0.076389 0.038281 0.041667
3 0.172266 0.063194 0.025781 0.031944
3 0.188672 0.140972 0.046094 0.059722
3 0.775000 0.648611 0.270313 0.394444
1 0.085938 0.239583 0.045312 0.068056
1 0.188672 0.140972 0.046094 0.059722
3 0.305859 0.132639 0.061719 0.059722
1 0.036719 0.175694 0.028125 0.045833
3 0.716797 0.094444 0.042969 0.044444
1 0.584766 0.202083 0.082031 0.079167
1 0.793750 0.263889 0.112500 0.100000
3 0.005859 0.125694 0.011719 0.054167
1 0.051562 0.144444 0.025000 0.030556
3 0.960547 0.410417 0.074219 0.206944
