3 0.630859 0.119444 0.064844 0.063889
1 0.708203 0.090972 0.049219 0.045833
1 0.557422 0.058333 0.047656 0.036111
1 0.481641 0.062500 0.044531 0.041667
1 0.017578 0.225000 0.035156 0.069444
3 0.250000 0.225000 0.106250 0.100000
1 0.053906 0.195139 0.031250 0.051389
0 0.941016 0.256250 0.013281 0.051389
1 0.050000 0.130556 0.023438 0.041667
0 0.923047 0.241667 0.011719 0.058333
3 0.589844 0.095139 0.057813 0.062500
1 0.027344 0.121528 0.020313 0.029167
3 0.701172 0.115278 0.049219 0.063889
1 0.226172 0.352083 0.139844 0.137500
