1 0.151562 0.168750 0.039062 0.051389
3 0.138281 0.087500 0.025000 0.036111
3 0.598047 0.077778 0.036719 0.038889
3 0.701953 0.096528 0.049219 0.054167
1 0.151953 0.127083 0.027344 0.031944
1 0.465234 0.329167 0.132031 0.111111
1 0.186719 0.065972 0.025000 0.031944
1 0.659766 0.075000 0.039844 0.047222
1 0.080859 0.126389 0.019531 0.038889
1 0.566016 0.549306 0.188281 0.209722
3 0.283984 0.099306 0.100781 0.106944
3 0.362109 0.115278 0.069531 0.069444
1 0.871484 0.540278 0.155469 0.152778
1 0.808203 0.281250 0.091406 0.079167
1 0.422656 0.070833 0.051562 0.038889
