1 0.150781 0.170139 0.037500 0.045833
3 0.191797 0.142361 0.047656 0.065278
3 0.598828 0.077083 0.038281 0.040278
3 0.701172 0.096528 0.047656 0.051389
1 0.146094 0.125000 0.026562 0.038889
1 0.595703 0.381250 0.144531 0.126389
1 0.422656 0.071528 0.050000 0.037500
1 0.320312 0.084028 0.046875 0.043056
1 0.659766 0.072222 0.039844 0.050000
1 0.494922 0.128472 0.050781 0.054167
3 0.161719 0.081250 0.051562 0.062500
1 0.083984 0.126389 0.028906 0.038889
1 0.059375 0.196528 0.035937 0.051389
1 0.049609 0.261111 0.050781 0.102778
1 0.709766 0.072222 0.033594 0.036111
3 0.847266 0.397222 0.139844 0.136111
1 0.195312 0.068750 0.018750 0.026389
2 0.161719 0.081250 0.050000 0.065278
