1 0.151172 0.169444 0.039844 0.050000
3 0.598047 0.077778 0.036719 0.038889
3 0.701172 0.097222 0.047656 0.050000
1 0.149609 0.126389 0.032031 0.036111
1 0.106250 0.343750 0.109375 0.112500
1 0.659766 0.075000 0.036719 0.047222
1 0.081641 0.126389 0.025781 0.038889
1 0.711328 0.071528 0.032031 0.031944
1 0.654297 0.428472 0.158594 0.123611
1 0.830078 0.055556 0.017969 0.022222
1 0.399609 0.111806 0.055469 0.043056
1 0.422266 0.070833 0.050781 0.036111
3 0.957422 0.596528 0.082031 0.151389
1 0.286328 0.134028 0.058594 0.056944
