3 0.598047 0.079861 0.036719 0.040278
3 0.701172 0.095833 0.050781 0.058333
1 0.884766 0.098611 0.017969 0.027778
1 0.664453 0.227778 0.096094 0.077778
1 0.548047 0.056250 0.049219 0.043056
1 0.219531 0.066667 0.029687 0.033333
1 0.793359 0.145833 0.042969 0.058333
1 0.187500 0.186111 0.050000 0.058333
1 0.802734 0.058333 0.021094 0.025000
3 0.907422 0.090278 0.017969 0.027778
1 0.377734 0.018056 0.060156 0.036111
1 0.014063 0.063194 0.021875 0.023611
1 0.087109 0.129167 0.025781 0.041667
1 0.843359 0.054861 0.028906 0.020833
