3 0.653516 0.110417 0.053906 0.056944
1 0.827734 0.055556 0.019531 0.022222
0 0.440234 0.070833 0.013281 0.055556
1 0.711328 0.068750 0.032031 0.034722
1 0.704297 0.097917 0.039844 0.037500
1 0.626172 0.054167 0.039844 0.030556
1 0.573047 0.055556 0.046094 0.038889
3 0.921484 0.128472 0.021094 0.034722
1 0.017188 0.225000 0.034375 0.066667
1 0.885547 0.100694 0.014844 0.023611
1 0.857422 0.050000 0.013281 0.019444
0 0.408203 0.088889 0.011719 0.038889
1 0.364453 0.181250 0.085156 0.070833
0 0.933984 0.223611 0.011719 0.044444
3 0.563672 0.272222 0.103906 0.105556
3 0.852734 0.051389 0.013281 0.016667
1 0.004687 0.135417 0.009375 0.031944
1 0.043750 0.508333 0.087500 0.133333
