3 0.713281 0.797222 0.265625 0.402778
1 0.751953 0.107639 0.036719 0.043056
1 0.500781 0.227778 0.068750 0.119444
1 0.242188 0.072917 0.032813 0.034722
1 0.186719 0.062500 0.028125 0.030556
1 0.017188 0.225000 0.034375 0.066667
1 0.056250 0.197917 0.032813 0.051389
0 0.939453 0.257639 0.011719 0.051389
1 0.099609 0.168056 0.036719 0.052778
0 0.924609 0.243750 0.011719 0.056944
1 0.071484 0.157639 0.025781 0.037500
3 0.714063 0.796528 0.264062 0.398611
3 0.682813 0.088194 0.054688 0.073611
1 0.115234 0.375000 0.113281 0.119444
2 0.377734 0.017361 0.060156 0.034722
1 0.008984 0.138889 0.017969 0.033333
0 0.317188 0.052778 0.007812 0.030556
1 0.009766 0.552778 0.019531 0.094444
1 0.367578 0.177083 0.044531 0.081944
