3 0.642188 0.115278 0.060937 0.061111
1 0.791797 0.060417 0.021094 0.023611
0 0.389453 0.051389 0.008594 0.030556
1 0.569141 0.057639 0.046094 0.034722
1 0.498047 0.063194 0.052344 0.037500
1 0.016797 0.225694 0.033594 0.068056
3 0.384766 0.167361 0.094531 0.084722
1 0.051953 0.193750 0.030469 0.048611
0 0.941016 0.257639 0.014844 0.056944
1 0.046875 0.128472 0.023438 0.037500
0 0.923047 0.243750 0.010156 0.054167
3 0.650000 0.089583 0.048438 0.070833
1 0.005078 0.104167 0.010156 0.019444
1 0.223438 0.354861 0.139063 0.137500
3 0.024609 0.361111 0.049219 0.097222
