3 0.691797 0.100694 0.052344 0.054167
1 0.243359 0.236111 0.091406 0.086111
1 0.783984 0.068750 0.028906 0.051389
1 0.804688 0.059722 0.017188 0.025000
0 0.203125 0.164583 0.014063 0.051389
1 0.912891 0.110417 0.017969 0.026389
0 0.957422 0.565278 0.027344 0.122222
3 0.894141 0.120833 0.027344 0.044444
1 0.867578 0.110417 0.022656 0.034722
0 0.126172 0.189583 0.013281 0.048611
1 0.015234 0.334028 0.030469 0.065278
0 0.191016 0.163889 0.011719 0.052778
1 0.689063 0.201389 0.059375 0.072222
1 0.587109 0.083333 0.046094 0.038889
0 0.922266 0.689583 0.041406 0.179167
1 0.602734 0.103472 0.049219 0.045833
3 0.844922 0.238889 0.041406 0.075000
1 0.517578 0.422222 0.153906 0.141667
1 0.378125 0.018056 0.059375 0.033333
1 0.005469 0.543056 0.010937 0.080556
