3 0.791406 0.870139 0.218750 0.256944
1 0.736719 0.113194 0.039062 0.043056
1 0.490625 0.261806 0.065625 0.131944
1 0.229297 0.070833 0.030469 0.033333
1 0.177344 0.060417 0.026562 0.031944
1 0.017578 0.225000 0.035156 0.069444
1 0.055469 0.197917 0.032813 0.048611
0 0.939453 0.257639 0.013281 0.054167
1 0.101562 0.170139 0.037500 0.054167
0 0.924609 0.243750 0.013281 0.056944
1 0.072656 0.159722 0.025000 0.038889
3 0.672266 0.091667 0.058594 0.075000
1 0.146484 0.345833 0.108594 0.113889
2 0.377344 0.017361 0.059375 0.034722
1 0.009375 0.140972 0.018750 0.031944
0 0.315625 0.052778 0.006250 0.030556
1 0.029297 0.531250 0.058594 0.106944
1 0.365234 0.157639 0.042969 0.076389
