0 0.710547 0.136111 0.008594 0.047222
1 0.263281 0.072917 0.031250 0.034722
3 0.730469 0.140972 0.009375 0.045833
1 0.130078 0.065972 0.022656 0.034722
1 0.139063 0.088889 0.025000 0.027778
1 0.071875 0.217361 0.039062 0.059722
1 0.466406 0.469444 0.165625 0.175000
1 0.657422 0.083333 0.041406 0.041667
1 0.944531 0.599306 0.109375 0.126389
3 0.163672 0.297222 0.091406 0.125000
0 0.730078 0.140278 0.008594 0.044444
3 0.416016 0.150000 0.133594 0.133333
3 0.795703 0.278472 0.160156 0.193056
1 0.165234 0.052778 0.017969 0.019444
1 0.019922 0.059722 0.039844 0.033333
1 0.097656 0.079167 0.017188 0.025000
1 0.206250 0.109722 0.039062 0.044444
