3 0.653516 0.109722 0.053906 0.058333
0 0.444141 0.074306 0.011719 0.048611
3 0.376953 0.017361 0.058594 0.034722
1 0.704688 0.094444 0.043750 0.044444
1 0.674609 0.077083 0.039844 0.037500
1 0.626172 0.053472 0.039844 0.029167
0 0.433203 0.064583 0.007031 0.034722
1 0.573828 0.055556 0.046094 0.038889
3 0.933984 0.108333 0.017969 0.041667
1 0.016797 0.225000 0.033594 0.066667
1 0.900000 0.093750 0.014063 0.020833
1 0.813672 0.054167 0.021094 0.025000
0 0.405078 0.085417 0.011719 0.040278
1 0.186328 0.265972 0.097656 0.093056
0 0.933203 0.225000 0.011719 0.044444
3 0.706250 0.192361 0.064062 0.070833
3 0.843359 0.052083 0.014844 0.018056
1 0.058984 0.507639 0.117969 0.176389
