1 0.151172 0.170139 0.038281 0.045833
3 0.193359 0.142361 0.044531 0.065278
3 0.598047 0.077083 0.038281 0.040278
3 0.701172 0.097222 0.050781 0.052778
1 0.145313 0.125694 0.026562 0.037500
1 0.595703 0.381944 0.144531 0.127778
1 0.420703 0.070833 0.053906 0.036111
1 0.660547 0.071528 0.038281 0.051389
1 0.508984 0.135417 0.053906 0.056944
3 0.167578 0.080556 0.053906 0.061111
1 0.084375 0.125694 0.029687 0.040278
1 0.055469 0.192361 0.034375 0.051389
1 0.043750 0.253472 0.046875 0.098611
3 0.905469 0.440972 0.146875 0.148611
3 0.876172 0.421528 0.117969 0.140278
