3 0.654297 0.109028 0.057031 0.059722
1 0.349609 0.151389 0.086719 0.080556
0 0.440625 0.078472 0.010937 0.045833
1 0.802734 0.056250 0.022656 0.026389
0 0.400391 0.086806 0.011719 0.040278
3 0.376953 0.017361 0.058594 0.034722
1 0.707422 0.094444 0.039844 0.038889
1 0.711719 0.093056 0.042188 0.041667
1 0.637500 0.052778 0.035937 0.030556
0 0.429297 0.082639 0.010156 0.037500
1 0.575000 0.054861 0.043750 0.034722
3 0.867578 0.134722 0.046094 0.058333
3 0.809766 0.202083 0.053906 0.073611
1 0.016406 0.220833 0.032813 0.072222
1 0.733984 0.181944 0.049219 0.061111
1 0.837891 0.051389 0.017969 0.019444
0 0.376953 0.094444 0.008594 0.036111
1 0.007812 0.545139 0.015625 0.104167
