3 0.664062 0.575694 0.201563 0.243056
2 0.487109 0.732639 0.638281 0.515278
1 0.146094 0.166667 0.037500 0.050000
1 0.300000 0.447222 0.134375 0.144444
3 0.102734 0.174306 0.038281 0.056944
1 0.811328 0.068056 0.027344 0.033333
1 0.225000 0.268056 0.075000 0.102778
1 0.078516 0.220139 0.041406 0.065278
1 0.028125 0.167361 0.025000 0.043056
3 0.254688 0.090972 0.051562 0.045833
3 0.250781 0.090278 0.062500 0.050000
1 0.009375 0.137500 0.018750 0.041667
3 0.547266 0.153472 0.074219 0.056944
3 0.537891 0.222917 0.105469 0.087500
3 0.937109 0.365278 0.124219 0.097222
