3 0.751172 0.821528 0.275781 0.351389
1 0.748047 0.109722 0.035156 0.044444
1 0.496484 0.240278 0.069531 0.122222
1 0.237500 0.072917 0.032813 0.034722
1 0.182812 0.061806 0.025000 0.029167
1 0.017578 0.225000 0.035156 0.069444
1 0.055859 0.196528 0.030469 0.048611
0 0.939453 0.257639 0.011719 0.054167
1 0.100391 0.168750 0.036719 0.051389
0 0.924609 0.243750 0.011719 0.056944
1 0.072266 0.159028 0.025781 0.037500
3 0.751563 0.820139 0.290625 0.356944
3 0.678906 0.089583 0.056250 0.073611
1 0.127344 0.363889 0.112500 0.119444
2 0.377734 0.017361 0.060156 0.034722
1 0.008984 0.140278 0.017969 0.033333
1 0.368359 0.170139 0.042969 0.079167
