1 0.938672 0.100694 0.016406 0.020833
1 0.104688 0.181250 0.039062 0.059722
1 0.693359 0.122222 0.052344 0.063889
1 0.755859 0.056250 0.025781 0.020833
3 0.079687 0.161806 0.034375 0.054167
2 0.019141 0.198611 0.038281 0.125000
3 0.278516 0.208333 0.116406 0.105556
1 0.901953 0.120833 0.021094 0.030556
3 0.666797 0.079167 0.049219 0.044444
3 0.555078 0.087500 0.063281 0.050000
1 0.851953 0.152778 0.030469 0.047222
3 0.243359 0.190972 0.069531 0.087500
1 0.020313 0.532639 0.040625 0.095833
1 0.614453 0.247917 0.085156 0.093056
1 0.378125 0.017361 0.059375 0.034722
1 0.516016 0.125000 0.063281 0.052778
3 0.808594 0.139583 0.032813 0.037500
