3 0.446484 0.115972 0.080469 0.062500
1 0.149219 0.165972 0.037500 0.048611
3 0.926562 0.743750 0.145313 0.201389
1 0.761719 0.052778 0.023438 0.022222
1 0.886328 0.920139 0.211719 0.156944
3 0.071094 0.068750 0.021875 0.034722
1 0.175000 0.314583 0.085938 0.131944
3 0.599219 0.076389 0.040625 0.041667
3 0.214844 0.068056 0.035937 0.036111
3 0.415625 0.388194 0.187500 0.256944
1 0.620703 0.951389 0.182031 0.094444
1 0.054688 0.204167 0.034375 0.052778
1 0.347266 0.125000 0.052344 0.044444
1 0.185156 0.129861 0.046875 0.079167
3 0.411328 0.169444 0.089844 0.077778
1 0.024609 0.159722 0.024219 0.041667
3 0.724219 0.084722 0.043750 0.061111
1 0.741016 0.279861 0.092969 0.090278
1 0.910547 0.333333 0.074219 0.091667
