0 0.762109 0.163889 0.016406 0.050000
1 0.958594 0.756944 0.081250 0.144444
1 0.191406 0.056250 0.023438 0.026389
3 0.271484 0.075694 0.035156 0.029167
1 0.245703 0.097917 0.033594 0.031944
1 0.258203 0.081250 0.041406 0.040278
1 0.142578 0.432639 0.096094 0.181944
1 0.019141 0.154861 0.024219 0.037500
1 0.100000 0.168750 0.035937 0.051389
1 0.069531 0.075000 0.017188 0.025000
1 0.698047 0.075000 0.035156 0.036111
1 0.966797 0.618750 0.063281 0.104167
1 0.977734 0.828472 0.042969 0.156944
1 0.192578 0.108333 0.032031 0.041667
3 0.255859 0.265972 0.110156 0.170833
1 0.515234 0.221528 0.092969 0.073611
