1 0.918359 0.767361 0.157031 0.176389
1 0.194922 0.058333 0.021094 0.027778
1 0.257812 0.101389 0.035937 0.030556
1 0.272266 0.079861 0.038281 0.031944
1 0.120313 0.397917 0.082812 0.162500
1 0.018750 0.152778 0.025000 0.038889
3 0.967578 0.614583 0.063281 0.095833
1 0.094141 0.164583 0.033594 0.048611
1 0.701562 0.075000 0.034375 0.036111
1 0.966797 0.618750 0.064844 0.104167
1 0.903906 0.768056 0.128125 0.180556
1 0.201953 0.112500 0.033594 0.041667
3 0.230859 0.248611 0.100781 0.158333
1 0.544922 0.235417 0.097656 0.076389
