3 0.654297 0.109722 0.057031 0.058333
1 0.326172 0.161111 0.089844 0.083333
0 0.441797 0.077083 0.010156 0.043056
1 0.799219 0.056944 0.023438 0.025000
0 0.402734 0.086806 0.010156 0.037500
3 0.376953 0.017361 0.058594 0.034722
1 0.711328 0.092361 0.041406 0.040278
1 0.634766 0.054167 0.036719 0.030556
0 0.430859 0.081250 0.008594 0.034722
1 0.574219 0.055556 0.046875 0.036111
3 0.818359 0.196528 0.050781 0.070833
1 0.017188 0.220833 0.034375 0.075000
1 0.747266 0.177083 0.046094 0.056944
1 0.837109 0.052083 0.017969 0.020833
0 0.379688 0.098611 0.012500 0.044444
1 0.695312 0.076389 0.035937 0.030556
3 0.523828 0.119444 0.078906 0.066667
1 0.008203 0.545139 0.016406 0.106944
