1 0.291406 0.315972 0.095312 0.123611
3 0.159766 0.215972 0.053906 0.076389
2 0.071875 0.318750 0.117188 0.240278
1 0.145703 0.165972 0.039844 0.048611
1 0.570312 0.690972 0.232813 0.309722
1 0.071875 0.207639 0.043750 0.051389
3 0.060547 0.141667 0.027344 0.041667
1 0.757031 0.051389 0.026562 0.027778
1 0.091797 0.164583 0.036719 0.054167
3 0.481641 0.192361 0.113281 0.098611
1 0.035937 0.169444 0.028125 0.044444
1 0.010156 0.145139 0.020313 0.034722
3 0.584375 0.195139 0.112500 0.093056
3 0.583984 0.195139 0.114844 0.093056
