3 0.653516 0.107639 0.057031 0.065278
1 0.233203 0.198611 0.092969 0.094444
0 0.444922 0.075000 0.008594 0.041667
1 0.790625 0.057639 0.018750 0.026389
0 0.409766 0.086806 0.010156 0.040278
3 0.378125 0.017361 0.060937 0.034722
1 0.710547 0.089583 0.042969 0.043056
1 0.628906 0.053472 0.037500 0.026389
0 0.435547 0.080556 0.008594 0.033333
1 0.573828 0.056944 0.046094 0.036111
3 0.845703 0.175694 0.044531 0.062500
1 0.017188 0.222222 0.034375 0.075000
1 0.787109 0.154167 0.036719 0.047222
1 0.829297 0.054861 0.017969 0.020833
0 0.385547 0.095833 0.010156 0.044444
1 0.011719 0.542361 0.023438 0.104167
