3 0.669141 0.106250 0.057031 0.054167
1 0.437891 0.150000 0.077344 0.066667
1 0.742578 0.079861 0.038281 0.048611
0 0.267578 0.134722 0.011719 0.050000
0 0.191797 0.156944 0.008594 0.041667
0 0.251563 0.136111 0.012500 0.047222
1 0.869922 0.103472 0.021094 0.029167
1 0.183203 0.232639 0.086719 0.081944
1 0.007812 0.388889 0.015625 0.069444
1 0.847266 0.166667 0.036719 0.050000
1 0.727344 0.250000 0.065625 0.077778
0 0.242188 0.137500 0.009375 0.038889
3 0.476172 0.061111 0.063281 0.041667
3 0.546484 0.275694 0.128906 0.120833
3 0.582812 0.078472 0.056250 0.051389
1 0.783984 0.058333 0.035156 0.069444
1 0.460547 0.115278 0.063281 0.044444
1 0.006250 0.547917 0.012500 0.098611
