1 0.153906 0.170833 0.039062 0.050000
3 0.598437 0.079167 0.039062 0.041667
3 0.700391 0.097222 0.049219 0.052778
1 0.151562 0.127083 0.025000 0.034722
1 0.659766 0.075694 0.039844 0.048611
1 0.177734 0.104861 0.035156 0.051389
1 0.083594 0.127778 0.021875 0.036111
1 0.710547 0.072917 0.032031 0.037500
1 0.270703 0.352083 0.130469 0.095833
1 0.808984 0.058333 0.019531 0.025000
1 0.278516 0.085417 0.038281 0.031944
1 0.391016 0.075694 0.052344 0.031944
3 0.807422 0.500000 0.194531 0.202778
1 0.377734 0.018056 0.058594 0.036111
1 0.739453 0.334722 0.132031 0.116667
