1 0.150781 0.170139 0.037500 0.045833
3 0.148438 0.125694 0.031250 0.034722
3 0.598047 0.077778 0.038281 0.044444
3 0.701172 0.097222 0.047656 0.050000
1 0.569922 0.369444 0.139844 0.125000
1 0.421484 0.072917 0.049219 0.037500
1 0.659766 0.077083 0.038281 0.043056
1 0.347266 0.094444 0.046094 0.041667
1 0.141406 0.283333 0.065625 0.091667
1 0.168359 0.435417 0.117969 0.218056
1 0.049609 0.144444 0.024219 0.036111
1 0.709766 0.072222 0.032031 0.033333
3 0.473047 0.198611 0.100781 0.088889
1 0.148828 0.063889 0.017969 0.025000
3 0.719141 0.209722 0.133594 0.125000
