3 0.923047 0.750000 0.152344 0.219444
2 0.589453 0.816667 0.522656 0.350000
1 0.146484 0.165278 0.039844 0.050000
1 0.502734 0.642361 0.216406 0.226389
3 0.121484 0.188194 0.042969 0.062500
1 0.802734 0.065972 0.027344 0.037500
1 0.306641 0.331250 0.103906 0.131944
1 0.096875 0.243056 0.048438 0.072222
1 0.033203 0.175694 0.028906 0.045833
3 0.218750 0.084028 0.040625 0.043056
1 0.011719 0.142361 0.023438 0.043056
3 0.460547 0.125000 0.063281 0.050000
3 0.425000 0.175000 0.085938 0.075000
3 0.671094 0.072222 0.039062 0.052778
3 0.824609 0.312500 0.157031 0.136111
