3 0.508984 0.104167 0.047656 0.050000
3 0.699609 0.091667 0.047656 0.063889
1 0.817578 0.058333 0.017969 0.019444
1 0.378125 0.019444 0.059375 0.033333
1 0.915234 0.113889 0.017969 0.027778
1 0.635547 0.072917 0.041406 0.037500
1 0.317578 0.075694 0.053906 0.037500
1 0.789844 0.071528 0.034375 0.040278
1 0.835547 0.055556 0.017969 0.022222
0 0.048828 0.233333 0.011719 0.047222
0 0.035937 0.255556 0.018750 0.055556
1 0.214844 0.655556 0.200000 0.219444
0 0.782031 0.955556 0.040625 0.086111
1 0.083984 0.947917 0.166406 0.101389
