1 0.151562 0.169444 0.039062 0.044444
3 0.150000 0.075000 0.021875 0.033333
3 0.598047 0.078472 0.038281 0.040278
3 0.701953 0.096528 0.047656 0.051389
1 0.149219 0.125694 0.028125 0.037500
1 0.526563 0.352083 0.135937 0.115278
1 0.178906 0.059722 0.021875 0.030556
1 0.660156 0.075694 0.039062 0.048611
1 0.082031 0.125694 0.021875 0.037500
1 0.813672 0.872917 0.205469 0.251389
1 0.157422 0.231944 0.055469 0.075000
1 0.710547 0.071528 0.032031 0.031944
3 0.428516 0.095139 0.088281 0.079167
3 0.486328 0.174306 0.152344 0.151389
1 0.928125 0.585417 0.142187 0.159722
