3 0.665234 0.106944 0.055469 0.052778
1 0.783984 0.065972 0.035156 0.051389
0 0.309375 0.116667 0.009375 0.041667
0 0.237109 0.139583 0.010156 0.040278
1 0.902734 0.119444 0.021094 0.030556
1 0.858203 0.151389 0.032031 0.044444
0 0.276953 0.120139 0.008594 0.043056
3 0.279297 0.068056 0.046094 0.038889
3 0.792578 0.142361 0.046094 0.056944
3 0.332422 0.160417 0.099219 0.081944
1 0.098828 0.280556 0.092969 0.091667
3 0.783594 0.065972 0.034375 0.051389
1 0.730078 0.090972 0.038281 0.034722
3 0.379688 0.382639 0.181250 0.179167
1 0.006641 0.547917 0.013281 0.098611
