3 0.689453 0.100000 0.049219 0.050000
1 0.157422 0.283333 0.094531 0.094444
0 0.209766 0.163889 0.011719 0.050000
1 0.917578 0.105556 0.014844 0.025000
0 0.957422 0.550000 0.025781 0.116667
3 0.900391 0.115278 0.024219 0.041667
1 0.876172 0.106944 0.022656 0.033333
0 0.134766 0.188889 0.014844 0.050000
1 0.720703 0.184722 0.052344 0.066667
0 0.926953 0.672222 0.039844 0.183333
1 0.573047 0.111111 0.052344 0.050000
3 0.860547 0.218056 0.039844 0.066667
1 0.582422 0.373611 0.130469 0.122222
1 0.058203 0.802083 0.116406 0.204167
0 0.194922 0.159722 0.008594 0.052778
1 0.005859 0.548611 0.011719 0.091667
