3 0.653516 0.726389 0.230469 0.394444
1 0.761328 0.104861 0.033594 0.040278
1 0.510547 0.211806 0.072656 0.112500
1 0.251172 0.070833 0.035156 0.033333
1 0.193359 0.063194 0.028906 0.029167
1 0.017188 0.224306 0.034375 0.065278
1 0.056641 0.196528 0.032031 0.048611
0 0.939453 0.258333 0.011719 0.052778
1 0.098828 0.168750 0.036719 0.054167
0 0.924609 0.244444 0.011719 0.055556
1 0.069922 0.155556 0.025781 0.036111
3 0.651953 0.724306 0.232031 0.390278
3 0.688672 0.086806 0.053906 0.070833
1 0.094531 0.391667 0.117188 0.125000
2 0.377734 0.017361 0.061719 0.034722
1 0.008203 0.138889 0.016406 0.033333
0 0.319531 0.054167 0.006250 0.030556
3 0.982422 0.848611 0.032031 0.175000
1 0.992969 0.102083 0.012500 0.040278
1 0.366016 0.189583 0.052344 0.087500
