1 0.151953 0.168750 0.039844 0.051389
1 0.209766 0.258333 0.067969 0.094444
3 0.246484 0.118750 0.036719 0.043056
3 0.601953 0.077778 0.044531 0.041667
3 0.170703 0.077083 0.024219 0.034722
3 0.191016 0.152083 0.047656 0.045833
1 0.767969 0.867361 0.237500 0.262500
3 0.701172 0.097222 0.047656 0.052778
3 0.092969 0.220833 0.068750 0.133333
1 0.894531 0.786111 0.206250 0.258333
3 0.296484 0.088889 0.064844 0.077778
3 0.438281 0.110417 0.084375 0.073611
1 0.603516 0.209028 0.088281 0.048611
3 0.627734 0.270833 0.124219 0.108333
1 0.924609 0.563194 0.146094 0.159722
1 0.923828 0.563889 0.144531 0.158333
1 0.048828 0.195139 0.028906 0.059722
2 0.295703 0.088194 0.064844 0.076389
