0 0.760547 0.161111 0.014844 0.050000
1 0.187500 0.057639 0.021875 0.023611
1 0.239844 0.084722 0.045312 0.044444
1 0.178906 0.488194 0.114062 0.215278
1 0.020703 0.157639 0.024219 0.037500
1 0.107422 0.176389 0.036719 0.050000
1 0.693359 0.075694 0.035156 0.037500
1 0.965234 0.614583 0.067969 0.123611
0 0.683203 0.132639 0.010156 0.040278
1 0.905078 0.372917 0.099219 0.093056
3 0.290234 0.133333 0.053906 0.050000
1 0.184375 0.100694 0.029687 0.031944
3 0.294531 0.292361 0.128125 0.190278
1 0.479687 0.206250 0.085938 0.068056
