3 0.653516 0.111111 0.055469 0.061111
1 0.850391 0.052083 0.016406 0.018056
0 0.441016 0.064583 0.008594 0.034722
1 0.705859 0.095833 0.044531 0.041667
1 0.490625 0.127778 0.071875 0.066667
1 0.625781 0.054167 0.037500 0.027778
1 0.569531 0.057639 0.045312 0.034722
1 0.017188 0.224306 0.034375 0.070833
1 0.584766 0.084722 0.044531 0.038889
0 0.393750 0.076389 0.012500 0.038889
0 0.930859 0.238194 0.011719 0.048611
3 0.848047 0.115972 0.025781 0.037500
3 0.809375 0.054861 0.020313 0.023611
2 0.376172 0.018750 0.057031 0.034722
1 0.023047 0.160417 0.022656 0.037500
1 0.659766 0.075694 0.030469 0.031944
1 0.003906 0.100000 0.007812 0.022222
0 0.956641 0.268750 0.013281 0.059722
1 0.122266 0.438889 0.158594 0.161111
