3 0.671484 0.104167 0.055469 0.052778
1 0.492969 0.123611 0.067187 0.072222
1 0.783984 0.068056 0.033594 0.047222
0 0.260156 0.138194 0.014063 0.048611
0 0.973047 0.469444 0.019531 0.080556
0 0.184766 0.161806 0.010156 0.040278
0 0.958203 0.514583 0.019531 0.045833
1 0.860547 0.109028 0.022656 0.031944
1 0.250391 0.199306 0.083594 0.070833
0 0.947266 0.584028 0.028906 0.101389
1 0.060156 0.346528 0.098437 0.106944
3 0.927734 0.139583 0.017969 0.029167
1 0.832422 0.177778 0.041406 0.052778
1 0.688672 0.276389 0.075781 0.086111
0 0.237891 0.138194 0.010156 0.040278
3 0.510547 0.059722 0.061719 0.041667
3 0.466406 0.324306 0.153125 0.143056
3 0.606641 0.072222 0.052344 0.047222
1 0.006641 0.547917 0.013281 0.098611
