1 0.150391 0.171528 0.038281 0.043056
3 0.585547 0.250000 0.116406 0.094444
3 0.233984 0.072222 0.038281 0.041667
3 0.055469 0.138889 0.026562 0.044444
3 0.598047 0.077778 0.036719 0.038889
1 0.291406 0.461806 0.131250 0.159722
1 0.192578 0.143750 0.044531 0.059722
1 0.085938 0.235417 0.043750 0.070833
3 0.705859 0.094444 0.046094 0.052778
1 0.342187 0.115278 0.048438 0.052778
1 0.519141 0.140972 0.086719 0.068056
1 0.019531 0.143750 0.034375 0.070833
3 0.019531 0.143750 0.032813 0.073611
1 0.121484 0.196528 0.046094 0.056944
3 0.704297 0.232639 0.141406 0.165278
