3 0.505859 0.384028 0.088281 0.173611
1 0.799609 0.089583 0.024219 0.031944
1 0.568359 0.148611 0.063281 0.080556
1 0.310156 0.071528 0.046875 0.034722
1 0.234375 0.067361 0.034375 0.037500
1 0.017578 0.225000 0.035156 0.069444
1 0.055859 0.197222 0.030469 0.047222
0 0.939453 0.259028 0.010156 0.054167
1 0.092188 0.164583 0.032813 0.051389
1 0.009375 0.377083 0.018750 0.068056
0 0.925391 0.243750 0.013281 0.056944
1 0.062891 0.150000 0.024219 0.033333
3 0.738281 0.513194 0.159375 0.243056
3 0.504297 0.379861 0.088281 0.181944
3 0.712109 0.081250 0.046094 0.068056
1 0.738672 0.513194 0.158594 0.240278
1 0.024219 0.454167 0.048438 0.088889
1 0.005859 0.103472 0.011719 0.023611
1 0.327734 0.258333 0.100781 0.111111
