3 0.330078 0.086111 0.058594 0.044444
1 0.151562 0.170833 0.039062 0.047222
1 0.382031 0.513194 0.185938 0.251389
3 0.598047 0.077778 0.038281 0.041667
3 0.162109 0.061806 0.022656 0.031944
3 0.277734 0.124306 0.052344 0.054167
3 0.191406 0.151389 0.042188 0.044444
3 0.899219 0.751389 0.200000 0.400000
1 0.100391 0.258333 0.052344 0.075000
1 0.042188 0.181944 0.029687 0.047222
3 0.712891 0.095139 0.041406 0.045833
1 0.538672 0.181250 0.077344 0.070833
1 0.748047 0.240972 0.110156 0.095833
3 0.007812 0.127083 0.015625 0.059722
1 0.059766 0.149306 0.027344 0.034722
3 0.920703 0.445833 0.141406 0.133333
