3 0.665625 0.105556 0.056250 0.055556
1 0.023438 0.359028 0.046875 0.093056
1 0.785937 0.065972 0.037500 0.048611
0 0.305469 0.121528 0.012500 0.045833
0 0.231250 0.143750 0.012500 0.045833
0 0.290234 0.124306 0.013281 0.045833
1 0.897266 0.125694 0.022656 0.034722
1 0.844922 0.161111 0.032031 0.047222
0 0.272266 0.123611 0.011719 0.044444
3 0.302734 0.068750 0.052344 0.037500
3 0.768750 0.155556 0.054688 0.061111
3 0.385547 0.140278 0.092969 0.077778
1 0.166406 0.240972 0.092188 0.087500
1 0.732031 0.088889 0.039062 0.038889
3 0.253516 0.465278 0.199219 0.211111
1 0.006250 0.547222 0.012500 0.097222
