3 0.693359 0.098611 0.046094 0.047222
1 0.394531 0.172222 0.081250 0.069444
1 0.783984 0.068750 0.027344 0.048611
1 0.808594 0.057639 0.020313 0.023611
0 0.188281 0.171528 0.009375 0.051389
1 0.903516 0.116667 0.019531 0.033333
0 0.952734 0.579861 0.027344 0.109722
3 0.877734 0.131944 0.030469 0.050000
1 0.848047 0.122222 0.025781 0.033333
0 0.113281 0.200000 0.017188 0.047222
0 0.912891 0.680556 0.035156 0.108333
1 0.136719 0.257639 0.087500 0.087500
0 0.177344 0.170139 0.009375 0.051389
1 0.601953 0.252083 0.078906 0.090278
1 0.625391 0.075694 0.041406 0.034722
0 0.912109 0.758333 0.044531 0.130556
1 0.651953 0.088194 0.042969 0.040278
3 0.801172 0.295833 0.061719 0.097222
1 0.337891 0.568056 0.211719 0.213889
