1 0.148828 0.168056 0.038281 0.044444
3 0.191406 0.143750 0.045312 0.056944
3 0.101562 0.231944 0.060937 0.113889
3 0.600391 0.073611 0.041406 0.038889
3 0.057031 0.090278 0.017188 0.025000
3 0.702734 0.095833 0.046094 0.047222
3 0.131250 0.084722 0.026562 0.033333
1 0.610156 0.388889 0.146875 0.125000
1 0.429297 0.067361 0.047656 0.034722
1 0.425391 0.118750 0.061719 0.043056
1 0.710547 0.072917 0.035156 0.037500
1 0.701953 0.043750 0.028906 0.029167
3 0.547266 0.172917 0.067969 0.079167
3 0.641016 0.243750 0.199219 0.209722
0 0.805078 0.022222 0.010156 0.038889
1 0.078125 0.124306 0.023438 0.034722
