3 0.146484 0.236111 0.100781 0.111111
3 0.696484 0.092361 0.041406 0.062500
1 0.754297 0.073611 0.033594 0.058333
1 0.376953 0.017361 0.057031 0.034722
1 0.429688 0.127778 0.071875 0.066667
1 0.154688 0.063889 0.020313 0.027778
1 0.783594 0.065972 0.032813 0.056944
1 0.816016 0.057639 0.021094 0.023611
0 0.116406 0.202778 0.012500 0.055556
1 0.792969 0.204167 0.045312 0.061111
0 0.902734 0.725694 0.041406 0.134722
1 0.848047 0.225000 0.039844 0.069444
3 0.042969 0.355556 0.085938 0.125000
3 0.664062 0.287500 0.107813 0.130556
1 0.553906 0.113194 0.054688 0.056944
1 0.594141 0.265972 0.089844 0.087500
0 0.043359 0.241667 0.014844 0.052778
0 0.830859 0.927083 0.055469 0.129167
1 0.579297 0.085417 0.041406 0.037500
1 0.150391 0.289583 0.105469 0.095833
