1 0.150781 0.170139 0.037500 0.045833
3 0.598047 0.079167 0.036719 0.041667
3 0.701172 0.097222 0.047656 0.050000
1 0.080078 0.126389 0.022656 0.038889
1 0.587109 0.377778 0.142969 0.125000
1 0.659766 0.076389 0.038281 0.047222
1 0.383203 0.101389 0.053906 0.050000
3 0.123047 0.074306 0.038281 0.054167
1 0.107031 0.247917 0.051562 0.070833
1 0.113672 0.359722 0.086719 0.166667
1 0.709766 0.072222 0.032031 0.033333
3 0.568750 0.241667 0.117188 0.102778
1 0.160156 0.064583 0.020313 0.026389
1 0.034766 0.128472 0.033594 0.048611
3 0.795312 0.246528 0.135937 0.143056
1 0.317188 0.110417 0.064062 0.051389
