1 0.798438 0.699306 0.181250 0.218056
0 0.875391 0.220139 0.013281 0.054167
1 0.200781 0.240278 0.059375 0.086111
1 0.046484 0.182639 0.030469 0.054167
1 0.838672 0.052083 0.017969 0.023611
1 0.320312 0.727778 0.207813 0.297222
1 0.266016 0.082639 0.035156 0.029167
1 0.100391 0.245139 0.047656 0.068056
1 0.395313 0.172917 0.076563 0.062500
1 0.101953 0.172917 0.036719 0.048611
1 0.623437 0.184722 0.090625 0.066667
3 0.204297 0.352778 0.100781 0.133333
1 0.963672 0.477778 0.055469 0.072222
1 0.063672 0.147917 0.027344 0.037500
