3 0.708984 0.481944 0.142969 0.216667
1 0.574219 0.110417 0.054688 0.048611
1 0.101953 0.177778 0.035156 0.052778
1 0.846484 0.051389 0.014844 0.016667
1 0.595313 0.134028 0.059375 0.065278
3 0.808203 0.068750 0.030469 0.037500
1 0.804688 0.070833 0.031250 0.036111
1 0.600391 0.081250 0.041406 0.034722
1 0.710156 0.119444 0.043750 0.044444
1 0.818359 0.084722 0.025781 0.030556
3 0.709766 0.481944 0.144531 0.219444
1 0.163281 0.063194 0.021875 0.020833
1 0.703516 0.077083 0.035156 0.031944
0 0.180859 0.210417 0.011719 0.037500
1 0.575781 0.106944 0.053125 0.047222
