3 0.661328 0.141667 0.058594 0.066667
1 0.754297 0.082639 0.030469 0.037500
3 0.174609 0.270139 0.208594 0.173611
1 0.494141 0.104861 0.061719 0.056944
3 0.616797 0.070833 0.053906 0.038889
1 0.101562 0.177778 0.035937 0.052778
0 0.053125 0.231944 0.017188 0.036111
1 0.112500 0.065278 0.018750 0.025000
1 0.853516 0.150000 0.028906 0.044444
1 0.720703 0.090278 0.036719 0.044444
3 0.734766 0.185417 0.053906 0.059722
1 0.685547 0.302778 0.085156 0.086111
1 0.822266 0.055556 0.016406 0.019444
1 0.791406 0.059028 0.020313 0.023611
1 0.459766 0.068750 0.057031 0.031944
3 0.565625 0.106944 0.070312 0.063889
3 0.039062 0.061806 0.076563 0.045833
1 0.876172 0.067361 0.014844 0.018056
3 0.119141 0.561111 0.194531 0.208333
