3 0.657422 0.108333 0.060156 0.058333
1 0.420703 0.125694 0.080469 0.070833
0 0.437109 0.074306 0.008594 0.034722
0 0.422266 0.079861 0.010156 0.031944
1 0.810547 0.054861 0.021094 0.023611
0 0.393359 0.088889 0.013281 0.041667
1 0.712891 0.088889 0.042969 0.050000
1 0.647266 0.050694 0.033594 0.031944
1 0.576172 0.054861 0.042969 0.037500
3 0.851172 0.145139 0.055469 0.065278
3 0.774219 0.226389 0.064062 0.086111
1 0.016406 0.218056 0.032813 0.069444
1 0.678906 0.217361 0.062500 0.068056
1 0.006250 0.547917 0.012500 0.098611
