3 0.696484 0.110417 0.047656 0.054167
1 0.408984 0.165278 0.080469 0.069444
1 0.783984 0.068750 0.027344 0.048611
1 0.808984 0.057639 0.021094 0.023611
0 0.187109 0.173611 0.010156 0.050000
1 0.901953 0.118750 0.019531 0.031944
0 0.951172 0.585417 0.028906 0.106944
3 0.874609 0.134028 0.033594 0.051389
1 0.844922 0.123611 0.027344 0.036111
0 0.110547 0.200694 0.016406 0.048611
0 0.911328 0.684028 0.036719 0.104167
1 0.152734 0.248611 0.088281 0.086111
0 0.177734 0.172917 0.010156 0.048611
1 0.588672 0.259028 0.085156 0.093056
1 0.628516 0.075000 0.039844 0.033333
0 0.908203 0.768750 0.044531 0.143056
1 0.656641 0.088194 0.041406 0.040278
3 0.794141 0.304167 0.063281 0.100000
