3 0.667188 0.140278 0.057813 0.063889
1 0.754297 0.084722 0.027344 0.033333
3 0.081250 0.064583 0.021875 0.029167
3 0.296094 0.209028 0.189062 0.134722
1 0.544922 0.091667 0.055469 0.050000
1 0.101172 0.176389 0.035156 0.050000
1 0.132812 0.068056 0.020313 0.027778
1 0.825391 0.168750 0.036719 0.054167
1 0.721484 0.090278 0.036719 0.041667
3 0.674609 0.220139 0.072656 0.070833
1 0.562109 0.401389 0.124219 0.116667
0 0.238672 0.045139 0.005469 0.023611
1 0.823828 0.055556 0.016406 0.016667
1 0.796875 0.058333 0.018750 0.022222
1 0.522656 0.065972 0.046875 0.031944
