1 0.495312 0.636806 0.195312 0.240278
1 0.842578 0.717361 0.189844 0.259722
1 0.253516 0.291667 0.075781 0.083333
0 0.913672 0.238194 0.011719 0.051389
1 0.096094 0.167361 0.034375 0.051389
1 0.025781 0.158333 0.025000 0.044444
1 0.936719 0.097222 0.014063 0.019444
1 0.066797 0.333333 0.057031 0.094444
1 0.442578 0.122222 0.063281 0.047222
1 0.642578 0.961806 0.130469 0.070833
1 0.046875 0.187500 0.031250 0.050000
1 0.733984 0.340972 0.121094 0.104167
1 0.064062 0.147222 0.026562 0.036111
1 0.953516 0.363194 0.089844 0.095833
