1 0.151172 0.170139 0.038281 0.048611
3 0.426953 0.181944 0.085156 0.072222
3 0.136328 0.084722 0.027344 0.038889
3 0.194141 0.064583 0.033594 0.037500
3 0.598047 0.077778 0.038281 0.041667
1 0.741406 0.859028 0.259375 0.276389
1 0.193359 0.145139 0.044531 0.059722
1 0.153125 0.307639 0.067187 0.098611
3 0.702734 0.094444 0.047656 0.055556
1 0.262109 0.095139 0.038281 0.043056
1 0.407422 0.106944 0.071094 0.055556
3 0.032813 0.159028 0.048438 0.093056
1 0.212891 0.267361 0.069531 0.084722
3 0.518359 0.150694 0.111719 0.126389
3 0.672266 0.195833 0.116406 0.102778
