3 0.599609 0.131944 0.071094 0.072222
1 0.866797 0.061806 0.014844 0.018056
1 0.695703 0.089583 0.044531 0.059722
1 0.526563 0.060417 0.048438 0.034722
1 0.421094 0.065972 0.057813 0.040278
1 0.017578 0.225000 0.035156 0.066667
1 0.055859 0.196528 0.032031 0.048611
0 0.939453 0.253472 0.011719 0.054167
1 0.058594 0.145833 0.023438 0.027778
0 0.923047 0.246528 0.010156 0.045833
3 0.415625 0.149306 0.095312 0.098611
3 0.673047 0.134028 0.060156 0.068056
3 0.649609 0.067361 0.044531 0.037500
1 0.237109 0.343750 0.138281 0.134722
