1 0.237109 0.113194 0.039844 0.040278
1 0.016797 0.222222 0.033594 0.075000
1 0.055078 0.196528 0.030469 0.048611
1 0.102344 0.170833 0.037500 0.052778
1 0.078125 0.163889 0.025000 0.038889
3 0.620703 0.599306 0.216406 0.437500
1 0.906641 0.155556 0.025781 0.044444
0 0.939453 0.256250 0.010156 0.045833
1 0.057031 0.146528 0.023438 0.031944
3 0.255859 0.201389 0.075781 0.097222
1 0.005859 0.135417 0.011719 0.034722
0 0.278516 0.043056 0.008594 0.036111
1 0.318750 0.097222 0.039062 0.044444
1 0.318750 0.097222 0.039062 0.044444
