1 0.150391 0.166667 0.038281 0.044444
3 0.190234 0.140972 0.042969 0.065278
1 0.399219 0.399306 0.131250 0.162500
3 0.598047 0.077083 0.036719 0.037500
3 0.190625 0.100694 0.034375 0.040278
3 0.190625 0.141667 0.046875 0.063889
3 0.702344 0.096528 0.046875 0.048611
1 0.138672 0.070139 0.019531 0.026389
3 0.157031 0.279861 0.106250 0.187500
3 0.348828 0.087500 0.067969 0.058333
1 0.433984 0.145139 0.067969 0.045833
3 0.451172 0.189583 0.092969 0.081944
1 0.851953 0.520139 0.149219 0.159722
1 0.081641 0.229167 0.044531 0.075000
2 0.229687 0.074306 0.050000 0.065278
1 0.710547 0.070833 0.035156 0.036111
1 0.558984 0.059722 0.044531 0.030556
3 0.908203 0.313889 0.164844 0.152778
