3 0.597266 0.079861 0.036719 0.043056
3 0.700391 0.096528 0.049219 0.056944
1 0.844141 0.120833 0.024219 0.033333
1 0.333203 0.219444 0.096094 0.083333
1 0.660547 0.078472 0.041406 0.045833
1 0.305859 0.068750 0.046094 0.043056
1 0.082422 0.057639 0.014844 0.020833
1 0.651172 0.168056 0.086719 0.069444
1 0.113281 0.149306 0.032813 0.040278
1 0.812891 0.056944 0.019531 0.025000
3 0.875391 0.104167 0.024219 0.036111
1 0.537109 0.225000 0.110156 0.088889
1 0.378516 0.020139 0.060156 0.034722
1 0.013672 0.064583 0.021094 0.020833
1 0.061719 0.116667 0.025000 0.033333
