3 0.633203 0.118750 0.064844 0.062500
1 0.775391 0.061806 0.016406 0.026389
0 0.381250 0.050694 0.007812 0.029167
1 0.708203 0.089583 0.049219 0.043056
1 0.559766 0.058333 0.046094 0.033333
1 0.487109 0.063889 0.042969 0.041667
1 0.016797 0.225000 0.033594 0.066667
3 0.278906 0.212500 0.106250 0.094444
1 0.053516 0.195139 0.030469 0.051389
0 0.941797 0.253472 0.014844 0.056944
1 0.049219 0.130556 0.021875 0.038889
0 0.923047 0.242361 0.010156 0.056944
3 0.602734 0.092361 0.058594 0.056944
1 0.007031 0.106250 0.012500 0.018056
1 0.027344 0.121528 0.020313 0.029167
3 0.702734 0.115972 0.049219 0.056944
1 0.225391 0.353472 0.141406 0.140278
