1 0.259766 0.234722 0.094531 0.086111
1 0.589453 0.259722 0.092969 0.088889
1 0.091016 0.279861 0.089844 0.104167
1 0.709766 0.264583 0.077344 0.098611
1 0.105469 0.181944 0.035937 0.058333
1 0.699219 0.118750 0.050000 0.059722
1 0.387109 0.142361 0.074219 0.065278
1 0.869141 0.190972 0.035156 0.059722
1 0.552734 0.115278 0.058594 0.050000
3 0.080078 0.162500 0.033594 0.052778
1 0.908203 0.150000 0.024219 0.041667
1 0.837891 0.164583 0.035156 0.054167
2 0.608203 0.059722 0.100781 0.080556
2 0.019141 0.200000 0.038281 0.125000
3 0.107031 0.579167 0.171875 0.208333
