1 0.185547 0.238194 0.061719 0.084722
3 0.111719 0.184722 0.043750 0.063889
2 0.040625 0.261806 0.081250 0.179167
1 0.146094 0.165972 0.039062 0.048611
1 0.221094 0.361806 0.098437 0.145833
1 0.051953 0.187500 0.032031 0.047222
1 0.781250 0.050694 0.023438 0.023611
1 0.076172 0.152778 0.032031 0.047222
3 0.683984 0.288194 0.142969 0.129167
1 0.028125 0.160417 0.023438 0.037500
1 0.008594 0.140278 0.017188 0.030556
3 0.784766 0.294444 0.128906 0.116667
3 0.784766 0.297222 0.132031 0.116667
3 0.703516 0.219444 0.097656 0.077778
