1 0.150781 0.170139 0.037500 0.045833
3 0.148438 0.125694 0.032813 0.037500
3 0.598047 0.079167 0.036719 0.041667
3 0.701172 0.097222 0.047656 0.050000
1 0.079687 0.126389 0.021875 0.036111
1 0.580078 0.374306 0.141406 0.126389
1 0.423047 0.070833 0.052344 0.038889
1 0.659766 0.077083 0.039844 0.045833
1 0.364844 0.097222 0.050000 0.047222
3 0.116016 0.072222 0.035156 0.055556
1 0.042188 0.136806 0.020313 0.037500
1 0.122656 0.263194 0.057813 0.079167
1 0.137891 0.391667 0.099219 0.188889
1 0.044531 0.138194 0.021875 0.037500
1 0.709766 0.072222 0.032031 0.033333
3 0.517578 0.218056 0.108594 0.094444
1 0.154297 0.063889 0.019531 0.025000
3 0.757422 0.227083 0.133594 0.134722
1 0.294141 0.106944 0.050781 0.050000
