0 0.673828 0.126389 0.008594 0.036111
1 0.158203 0.048611 0.017969 0.022222
1 0.083203 0.073611 0.017969 0.027778
1 0.245312 0.401389 0.104688 0.133333
1 0.794922 0.861111 0.266406 0.275000
1 0.644141 0.086806 0.042969 0.043056
1 0.902734 0.575000 0.152344 0.158333
0 0.698047 0.131944 0.013281 0.050000
3 0.205469 0.090972 0.064062 0.081944
1 0.519141 0.143750 0.071094 0.056944
3 0.461328 0.198611 0.110156 0.094444
3 0.376563 0.106250 0.090625 0.101389
3 0.204687 0.090972 0.060937 0.081944
3 0.771875 0.251389 0.221875 0.188889
1 0.116406 0.081944 0.020313 0.027778
1 0.066406 0.203472 0.045312 0.073611
