1 0.151562 0.170139 0.037500 0.045833
3 0.114453 0.081944 0.021094 0.033333
3 0.598047 0.077083 0.038281 0.040278
3 0.701953 0.095833 0.047656 0.052778
1 0.150781 0.125694 0.023438 0.034722
1 0.382031 0.309722 0.128125 0.102778
1 0.172656 0.064583 0.023438 0.029167
1 0.660156 0.073611 0.037500 0.047222
1 0.080859 0.126389 0.021094 0.038889
3 0.217969 0.091667 0.060937 0.086111
1 0.844531 0.522917 0.156250 0.154167
1 0.656641 0.203472 0.085156 0.068056
1 0.422266 0.070833 0.053906 0.038889
1 0.007812 0.094444 0.015625 0.022222
