3 0.678906 0.102083 0.057813 0.056944
1 0.596484 0.094444 0.050781 0.050000
1 0.782813 0.065972 0.039062 0.051389
0 0.242969 0.147917 0.009375 0.043056
3 0.929297 0.095139 0.019531 0.029167
0 0.166797 0.169444 0.014844 0.047222
0 0.230078 0.150694 0.010156 0.043056
1 0.827734 0.125694 0.027344 0.040278
1 0.402344 0.136806 0.073438 0.056944
1 0.309766 0.206944 0.086719 0.077778
3 0.913672 0.154861 0.024219 0.043056
1 0.778516 0.220833 0.057031 0.063889
1 0.533594 0.394444 0.123438 0.125000
0 0.221875 0.146528 0.010937 0.043056
3 0.658984 0.063194 0.042969 0.040278
1 0.006641 0.547917 0.013281 0.095833
