1 0.150781 0.170139 0.037500 0.045833
3 0.148438 0.125694 0.031250 0.034722
3 0.598047 0.077778 0.036719 0.041667
3 0.045312 0.138889 0.021875 0.038889
3 0.701172 0.096528 0.047656 0.051389
1 0.080469 0.126389 0.021875 0.036111
1 0.578516 0.373611 0.142969 0.127778
1 0.422656 0.070833 0.051562 0.038889
1 0.288672 0.105556 0.049219 0.050000
1 0.659766 0.077083 0.039844 0.045833
1 0.360938 0.095833 0.051562 0.047222
3 0.115234 0.070833 0.033594 0.055556
1 0.125781 0.266667 0.059375 0.083333
1 0.143750 0.399306 0.104688 0.193056
1 0.046094 0.138889 0.021875 0.036111
1 0.709766 0.071528 0.033594 0.034722
3 0.509766 0.213889 0.107031 0.091667
1 0.153906 0.063889 0.020313 0.025000
