1 0.150781 0.170139 0.039062 0.045833
3 0.164453 0.077778 0.025781 0.033333
3 0.598047 0.077778 0.038281 0.041667
3 0.701953 0.095833 0.049219 0.055556
1 0.146875 0.125694 0.029687 0.040278
1 0.527344 0.352083 0.137500 0.118056
1 0.423047 0.070833 0.052344 0.036111
1 0.185156 0.060417 0.021875 0.031944
1 0.660156 0.075000 0.039062 0.050000
1 0.081641 0.125694 0.019531 0.034722
1 0.612891 0.730556 0.228906 0.291667
1 0.126953 0.207639 0.046094 0.065278
1 0.709766 0.071528 0.032031 0.031944
3 0.465234 0.114583 0.096094 0.081944
3 0.561328 0.204167 0.174219 0.172222
3 0.763672 0.277778 0.127344 0.130556
1 0.935547 0.590278 0.127344 0.147222
