1 0.855078 0.119444 0.028906 0.036111
1 0.896484 0.121528 0.021094 0.037500
1 0.105859 0.181944 0.038281 0.058333
1 0.697656 0.120139 0.050000 0.056944
3 0.079297 0.161806 0.033594 0.051389
1 0.910547 0.085417 0.014844 0.026389
2 0.244141 0.170139 0.224219 0.190278
2 0.019141 0.200000 0.038281 0.125000
1 0.571875 0.110417 0.053125 0.048611
1 0.747266 0.241667 0.060156 0.072222
1 0.377734 0.018750 0.060156 0.034722
3 0.795312 0.057639 0.026562 0.029167
3 0.710547 0.056944 0.033594 0.033333
0 0.941797 0.259722 0.013281 0.047222
2 0.378125 0.018750 0.059375 0.034722
1 0.347266 0.540278 0.171094 0.180556
