0 0.841016 0.201389 0.010156 0.052778
1 0.094531 0.234028 0.045312 0.079167
1 0.800391 0.056944 0.019531 0.025000
1 0.247656 0.388194 0.101562 0.129167
1 0.192188 0.239583 0.057813 0.073611
1 0.392578 0.104861 0.061719 0.045833
3 0.167969 0.492361 0.134375 0.218056
3 0.687500 0.787500 0.276562 0.333333
3 0.180078 0.075694 0.028906 0.043056
1 0.778906 0.306250 0.098437 0.090278
1 0.862109 0.304861 0.089844 0.090278
3 0.032813 0.251389 0.048438 0.105556
1 0.107031 0.178472 0.037500 0.048611
1 0.660937 0.295139 0.109375 0.090278
3 0.041797 0.129167 0.033594 0.058333
