1 0.669141 0.425694 0.097656 0.170833
1 0.250781 0.122917 0.039062 0.048611
1 0.123828 0.058333 0.016406 0.019444
1 0.145703 0.068750 0.025781 0.031944
1 0.015625 0.220139 0.031250 0.079167
1 0.053516 0.196528 0.030469 0.048611
1 0.101953 0.170139 0.036719 0.054167
0 0.926953 0.250694 0.008594 0.043056
1 0.076563 0.163194 0.021875 0.034722
3 0.502344 0.195833 0.075000 0.150000
1 0.855078 0.202083 0.036719 0.065278
1 0.243750 0.218056 0.054688 0.072222
1 0.056250 0.147222 0.023438 0.030556
1 0.855078 0.202083 0.036719 0.065278
1 0.362891 0.192361 0.047656 0.073611
1 0.363281 0.192361 0.048438 0.073611
