3 0.657422 0.107639 0.060156 0.059722
1 0.427734 0.124306 0.077344 0.068056
0 0.435547 0.076389 0.008594 0.033333
0 0.421484 0.080556 0.010156 0.033333
1 0.810547 0.055556 0.019531 0.022222
0 0.392969 0.088889 0.014063 0.041667
1 0.712891 0.087500 0.041406 0.050000
1 0.648438 0.050000 0.032813 0.030556
1 0.576172 0.054167 0.042969 0.036111
3 0.848828 0.145833 0.053906 0.063889
3 0.770312 0.229861 0.065625 0.087500
1 0.016406 0.217361 0.032813 0.070833
1 0.672656 0.219444 0.067187 0.069444
1 0.842578 0.051389 0.017969 0.019444
0 0.369922 0.100694 0.011719 0.043056
1 0.005859 0.548611 0.011719 0.097222
