3 0.760547 0.553472 0.171094 0.251389
1 0.548828 0.118056 0.058594 0.050000
1 0.101562 0.177083 0.034375 0.048611
1 0.845703 0.050694 0.016406 0.018056
1 0.576562 0.143056 0.059375 0.069444
3 0.794531 0.075694 0.029687 0.031944
1 0.792578 0.075000 0.025781 0.030556
1 0.714844 0.092361 0.037500 0.037500
1 0.696484 0.126389 0.046094 0.050000
1 0.809766 0.086806 0.025781 0.031944
3 0.761719 0.552778 0.170313 0.250000
1 0.153906 0.058333 0.021875 0.025000
1 0.691016 0.079167 0.035156 0.033333
0 0.116406 0.260417 0.025000 0.056944
1 0.547266 0.118750 0.057031 0.051389
