3 0.257812 0.188889 0.089063 0.063889
3 0.696484 0.097917 0.039844 0.051389
1 0.502734 0.106250 0.063281 0.056944
1 0.179688 0.065972 0.023438 0.029167
0 0.100781 0.206250 0.010937 0.059722
0 0.097266 0.217361 0.017969 0.051389
1 0.737891 0.245833 0.064844 0.075000
0 0.882422 0.780556 0.050781 0.141667
1 0.794531 0.288194 0.054688 0.090278
3 0.198047 0.256250 0.119531 0.112500
3 0.524609 0.390278 0.169531 0.186111
1 0.613672 0.090278 0.049219 0.058333
1 0.443359 0.357639 0.117969 0.109722
0 0.028125 0.250000 0.014063 0.047222
0 0.805078 0.968750 0.044531 0.059722
