1 0.989453 0.863889 0.019531 0.122222
3 0.451953 0.422222 0.153906 0.183333
2 0.316406 0.673611 0.445312 0.638889
1 0.146094 0.165972 0.039062 0.051389
1 0.198828 0.342361 0.089844 0.101389
3 0.087891 0.161806 0.035156 0.056944
1 0.819922 0.065278 0.024219 0.030556
1 0.174609 0.229861 0.058594 0.084722
1 0.064453 0.203472 0.036719 0.056944
1 0.022266 0.161111 0.024219 0.038889
3 0.303516 0.104167 0.057031 0.055556
3 0.303125 0.104167 0.059375 0.055556
3 0.275000 0.079861 0.043750 0.031944
1 0.007812 0.135417 0.015625 0.040278
3 0.643359 0.190278 0.083594 0.063889
3 0.675781 0.290972 0.125000 0.106944
