1 0.150781 0.170139 0.037500 0.045833
3 0.148438 0.126389 0.031250 0.036111
3 0.598047 0.078472 0.038281 0.043056
3 0.701172 0.095833 0.047656 0.050000
1 0.555859 0.365278 0.138281 0.125000
1 0.422266 0.072917 0.050781 0.037500
1 0.659766 0.077083 0.038281 0.043056
1 0.324219 0.091667 0.043750 0.036111
1 0.173828 0.318056 0.077344 0.108333
1 0.225000 0.517361 0.154688 0.273611
1 0.057422 0.150694 0.027344 0.037500
1 0.709766 0.072222 0.033594 0.036111
3 0.416406 0.175694 0.090625 0.079167
1 0.142187 0.062500 0.018750 0.022222
3 0.668359 0.184722 0.132031 0.122222
