1 0.150781 0.170139 0.039062 0.048611
3 0.192969 0.152083 0.043750 0.043056
1 0.376563 0.017361 0.057813 0.034722
3 0.635156 0.715278 0.293750 0.433333
3 0.701953 0.090972 0.049219 0.062500
1 0.140234 0.122917 0.027344 0.037500
1 0.596484 0.381944 0.144531 0.125000
1 0.421875 0.070833 0.051562 0.038889
1 0.691797 0.213194 0.082031 0.073611
3 0.251953 0.106250 0.088281 0.087500
1 0.080469 0.127083 0.021875 0.037500
1 0.025000 0.159722 0.026562 0.041667
1 0.011719 0.193056 0.023438 0.066667
1 0.006641 0.106250 0.013281 0.026389
