3 0.653125 0.112500 0.056250 0.058333
1 0.833203 0.054167 0.021094 0.022222
0 0.441016 0.071528 0.011719 0.051389
1 0.705078 0.095833 0.042969 0.044444
1 0.626172 0.054861 0.038281 0.031944
1 0.573047 0.055556 0.046094 0.038889
3 0.916016 0.129861 0.022656 0.037500
1 0.017578 0.224306 0.035156 0.070833
1 0.878516 0.104167 0.017969 0.027778
0 0.407422 0.088889 0.010156 0.044444
3 0.000391 0.379167 0.000781 0.069444
1 0.421875 0.159028 0.078125 0.065278
0 0.933984 0.221528 0.010156 0.043056
3 0.482031 0.325000 0.125000 0.119444
1 0.039062 0.511806 0.078125 0.126389
