3 0.678516 0.102778 0.050781 0.052778
1 0.610547 0.090278 0.047656 0.047222
1 0.782813 0.065972 0.039062 0.051389
0 0.239844 0.147917 0.012500 0.048611
0 0.969141 0.496528 0.021094 0.084722
3 0.927734 0.096528 0.019531 0.029167
0 0.162109 0.170833 0.010156 0.044444
0 0.949609 0.555556 0.027344 0.055556
0 0.226562 0.151389 0.010937 0.044444
1 0.820703 0.129167 0.032031 0.044444
1 0.423047 0.129861 0.071094 0.054167
1 0.345313 0.192361 0.085938 0.073611
3 0.910547 0.159028 0.025781 0.045833
1 0.766797 0.229861 0.061719 0.070833
1 0.498047 0.422222 0.133594 0.133333
0 0.216406 0.148611 0.010937 0.047222
3 0.666797 0.061111 0.044531 0.036111
1 0.005078 0.543056 0.010156 0.086111
