3 0.664453 0.108333 0.055469 0.052778
1 0.655078 0.063889 0.041406 0.036111
0 0.404297 0.087500 0.010156 0.044444
1 0.840234 0.048611 0.019531 0.022222
0 0.357422 0.095139 0.010156 0.037500
3 0.887891 0.096528 0.024219 0.034722
3 0.031641 0.311806 0.063281 0.093056
1 0.713672 0.090972 0.030469 0.043056
3 0.030859 0.311111 0.061719 0.091667
3 0.298047 0.154167 0.116406 0.125000
1 0.797656 0.058333 0.017188 0.022222
3 0.864453 0.190972 0.052344 0.098611
1 0.012500 0.212500 0.025000 0.063889
0 0.388672 0.091667 0.010156 0.041667
1 0.614453 0.048611 0.038281 0.036111
3 0.859375 0.199306 0.064062 0.109722
3 0.678516 0.241667 0.094531 0.102778
3 0.286719 0.214583 0.095312 0.084722
1 0.005859 0.548611 0.011719 0.094444
