1 0.151172 0.170139 0.038281 0.045833
3 0.148047 0.075694 0.022656 0.034722
3 0.598047 0.078472 0.038281 0.040278
3 0.701953 0.096528 0.047656 0.051389
1 0.149219 0.125694 0.028125 0.037500
1 0.526172 0.352083 0.138281 0.118056
1 0.178125 0.059028 0.021875 0.031944
1 0.660156 0.075694 0.039062 0.048611
1 0.082031 0.125694 0.021875 0.037500
1 0.858203 0.883333 0.235156 0.230556
1 0.162109 0.236111 0.057031 0.077778
1 0.710547 0.071528 0.032031 0.031944
3 0.423828 0.092361 0.086719 0.081944
3 0.477734 0.170139 0.149219 0.151389
1 0.926953 0.583333 0.144531 0.161111
1 0.805469 0.050694 0.018750 0.015278
