1 0.149219 0.168056 0.037500 0.047222
3 0.189844 0.142361 0.046875 0.065278
1 0.430469 0.422917 0.140625 0.173611
3 0.117578 0.046528 0.025781 0.040278
3 0.185547 0.095833 0.030469 0.027778
3 0.598047 0.077083 0.036719 0.037500
3 0.183984 0.098611 0.032031 0.036111
3 0.190234 0.141667 0.047656 0.063889
3 0.702734 0.095833 0.046094 0.050000
1 0.135547 0.069444 0.019531 0.027778
1 0.342187 0.086806 0.065625 0.054167
3 0.166406 0.287500 0.112500 0.194444
3 0.340625 0.086111 0.067187 0.058333
1 0.420703 0.138889 0.066406 0.044444
3 0.436328 0.183333 0.092969 0.083333
1 0.844531 0.513194 0.150000 0.154167
1 0.084375 0.233333 0.045312 0.077778
2 0.224219 0.074306 0.051562 0.062500
1 0.711328 0.071528 0.032031 0.034722
1 0.552734 0.059028 0.042969 0.029167
3 0.891016 0.300694 0.178906 0.154167
1 0.003125 0.125694 0.006250 0.034722
