3 0.658984 0.108333 0.053906 0.055556
1 0.595703 0.077083 0.046094 0.043056
0 0.416406 0.086806 0.009375 0.040278
1 0.832422 0.053472 0.019531 0.023611
0 0.369141 0.092361 0.010156 0.037500
3 0.899609 0.092361 0.017969 0.029167
1 0.769141 0.069444 0.036719 0.052778
1 0.712891 0.090278 0.032031 0.041667
3 0.889844 0.164583 0.046875 0.081944
0 0.401172 0.089583 0.010156 0.037500
3 0.889453 0.164583 0.046094 0.081944
3 0.043750 0.361111 0.087500 0.113889
3 0.516406 0.418056 0.165625 0.175000
1 0.006250 0.547222 0.012500 0.097222
