1 0.935547 0.100000 0.016406 0.025000
1 0.105078 0.181250 0.038281 0.059722
1 0.694141 0.122917 0.050781 0.059722
1 0.758984 0.054861 0.021094 0.020833
3 0.079687 0.161806 0.034375 0.054167
2 0.019141 0.197917 0.038281 0.123611
3 0.327344 0.190972 0.112500 0.093056
1 0.898047 0.123611 0.021094 0.030556
3 0.681641 0.076389 0.046094 0.044444
3 0.569141 0.081944 0.060156 0.044444
1 0.842578 0.158333 0.032031 0.050000
3 0.275000 0.179167 0.067187 0.086111
1 0.018750 0.536111 0.037500 0.097222
1 0.567578 0.275694 0.097656 0.104167
1 0.377734 0.017361 0.058594 0.034722
1 0.542188 0.115278 0.057813 0.050000
3 0.797656 0.146528 0.034375 0.037500
