3 0.672656 0.104861 0.056250 0.054167
1 0.518359 0.114583 0.061719 0.068056
1 0.783594 0.070139 0.031250 0.043056
0 0.258203 0.141667 0.011719 0.044444
3 0.934375 0.091667 0.018750 0.025000
0 0.180859 0.163194 0.011719 0.040278
0 0.247266 0.141667 0.011719 0.044444
1 0.854297 0.111806 0.024219 0.034722
1 0.285156 0.182639 0.081250 0.068056
1 0.117578 0.308333 0.097656 0.102778
3 0.924609 0.141667 0.016406 0.030556
1 0.823047 0.186111 0.042969 0.055556
1 0.663281 0.296528 0.082812 0.090278
0 0.233594 0.137500 0.010937 0.044444
3 0.528125 0.058333 0.056250 0.038889
3 0.415234 0.354861 0.167969 0.154167
1 0.006641 0.547917 0.013281 0.098611
