1 0.715234 0.626389 0.197656 0.250000
3 0.304297 0.318056 0.105469 0.130556
2 0.183203 0.522917 0.260156 0.479167
1 0.147266 0.165278 0.036719 0.044444
1 0.136328 0.275000 0.061719 0.072222
3 0.076563 0.156250 0.029687 0.045833
1 0.137500 0.200694 0.046875 0.068056
1 0.051953 0.188889 0.032031 0.050000
1 0.018359 0.155556 0.021094 0.033333
3 0.372656 0.121528 0.079687 0.062500
3 0.370703 0.119444 0.077344 0.063889
3 0.332813 0.092361 0.048438 0.034722
1 0.005859 0.128472 0.011719 0.034722
3 0.758594 0.247222 0.090625 0.075000
3 0.845703 0.393056 0.127344 0.125000
3 0.872266 0.343750 0.128906 0.131944
