3 0.652734 0.111111 0.053906 0.058333
1 0.837891 0.050000 0.021094 0.027778
0 0.436719 0.063194 0.007812 0.037500
1 0.707031 0.095139 0.042188 0.043056
1 0.316406 0.193750 0.096875 0.090278
1 0.623828 0.054167 0.038281 0.030556
1 0.564453 0.057639 0.046094 0.037500
1 0.016797 0.224306 0.033594 0.065278
1 0.435156 0.128472 0.065625 0.051389
0 0.388281 0.073611 0.009375 0.033333
0 0.930078 0.239583 0.011719 0.043056
3 0.876953 0.099306 0.019531 0.031944
3 0.787891 0.057639 0.017969 0.029167
2 0.377344 0.018750 0.057813 0.034722
1 0.031250 0.170833 0.026562 0.041667
1 0.570312 0.102778 0.056250 0.055556
1 0.007422 0.104167 0.013281 0.025000
1 0.153906 0.412500 0.153125 0.155556
