0 0.693359 0.129167 0.008594 0.038889
1 0.159375 0.050694 0.018750 0.020833
3 0.625781 0.110417 0.009375 0.043056
1 0.107422 0.077083 0.021094 0.031944
1 0.122266 0.272917 0.058594 0.081944
1 0.648828 0.086111 0.042969 0.041667
1 0.933984 0.600000 0.130469 0.152778
1 0.350391 0.094444 0.046094 0.041667
3 0.329297 0.466667 0.186719 0.208333
0 0.717187 0.131944 0.007812 0.038889
3 0.286328 0.110417 0.086719 0.095833
3 0.555078 0.163889 0.130469 0.141667
1 0.175391 0.220139 0.060156 0.098611
1 0.696484 0.215972 0.091406 0.068056
3 0.716406 0.322222 0.157812 0.141667
1 0.077344 0.075000 0.015625 0.022222
1 0.155078 0.094444 0.027344 0.030556
1 0.035156 0.167361 0.037500 0.062500
