3 0.879297 0.308333 0.114844 0.111111
1 0.146875 0.167361 0.037500 0.048611
3 0.481641 0.431250 0.149219 0.170833
1 0.757422 0.075000 0.035156 0.055556
1 0.516797 0.675694 0.207031 0.256944
1 0.121484 0.275000 0.055469 0.080556
3 0.114062 0.066667 0.020313 0.027778
1 0.047266 0.182639 0.038281 0.062500
3 0.611719 0.076389 0.032813 0.033333
3 0.216016 0.081944 0.044531 0.050000
3 0.170703 0.133333 0.042969 0.055556
3 0.105078 0.168750 0.047656 0.081944
1 0.037109 0.261111 0.038281 0.077778
1 0.014453 0.152083 0.021094 0.034722
1 0.815625 0.332639 0.104688 0.090278
3 0.328906 0.106944 0.079687 0.061111
