1 0.148047 0.167361 0.039844 0.045833
3 0.189453 0.139583 0.046094 0.062500
3 0.599609 0.073611 0.038281 0.044444
3 0.190234 0.140278 0.046094 0.058333
3 0.702734 0.095833 0.047656 0.047222
1 0.263281 0.070833 0.046875 0.044444
3 0.388672 0.488194 0.246094 0.376389
3 0.294531 0.124306 0.062500 0.073611
1 0.162109 0.311806 0.075781 0.115278
1 0.759766 0.465278 0.152344 0.144444
1 0.161719 0.313889 0.076563 0.116667
2 0.169922 0.066667 0.035156 0.052778
1 0.498047 0.064583 0.047656 0.034722
3 0.605078 0.179861 0.161719 0.159722
1 0.594922 0.254861 0.113281 0.095833
1 0.814453 0.281944 0.092969 0.077778
1 0.594141 0.253472 0.111719 0.095833
