1 0.837891 0.125000 0.030469 0.036111
1 0.887109 0.129861 0.022656 0.040278
1 0.104688 0.181944 0.037500 0.058333
1 0.699219 0.119444 0.050000 0.058333
1 0.001953 0.391667 0.003906 0.058333
3 0.078906 0.161111 0.032813 0.055556
1 0.914844 0.106250 0.017188 0.026389
1 0.917578 0.106250 0.016406 0.026389
2 0.311719 0.143056 0.206250 0.172222
2 0.019141 0.200000 0.038281 0.125000
1 0.605078 0.101389 0.046094 0.041667
1 0.698828 0.280556 0.077344 0.088889
1 0.377344 0.019444 0.059375 0.036111
3 0.801953 0.056250 0.027344 0.029167
0 0.941797 0.259028 0.011719 0.045833
1 0.167578 0.686806 0.189844 0.223611
