3 0.684375 0.130556 0.054688 0.061111
1 0.008984 0.338194 0.017969 0.079167
1 0.755078 0.081250 0.028906 0.037500
3 0.116797 0.066667 0.024219 0.025000
3 0.483984 0.124306 0.141406 0.104167
1 0.680859 0.076389 0.046094 0.038889
3 0.618750 0.066667 0.043750 0.052778
1 0.100391 0.178472 0.036719 0.054167
0 0.194922 0.152778 0.011719 0.041667
1 0.186719 0.070139 0.029687 0.034722
1 0.730469 0.237500 0.064062 0.080556
1 0.721484 0.089583 0.036719 0.043056
3 0.454688 0.356944 0.129688 0.111111
1 0.093359 0.790972 0.186719 0.240278
