3 0.473047 0.113889 0.052344 0.052778
3 0.696484 0.102083 0.039844 0.048611
1 0.836328 0.055556 0.019531 0.022222
1 0.378125 0.018750 0.057813 0.034722
1 0.921484 0.108333 0.017969 0.027778
1 0.618359 0.075694 0.044531 0.043056
1 0.279297 0.075000 0.044531 0.033333
1 0.787500 0.071528 0.032813 0.043056
1 0.815234 0.058333 0.021094 0.022222
0 0.061328 0.225000 0.011719 0.050000
0 0.048438 0.249306 0.015625 0.056944
1 0.370703 0.529167 0.180469 0.177778
0 0.801953 0.931944 0.061719 0.133333
1 0.285156 0.833333 0.210938 0.283333
