1 0.193359 0.244444 0.061719 0.086111
3 0.115625 0.187500 0.045312 0.063889
2 0.042969 0.266667 0.085938 0.186111
1 0.146484 0.165972 0.039844 0.048611
1 0.240234 0.379861 0.105469 0.154167
1 0.051172 0.188889 0.038281 0.047222
3 0.053906 0.143750 0.020313 0.029167
1 0.777734 0.050000 0.025781 0.027778
1 0.077734 0.154167 0.032031 0.050000
3 0.660547 0.277778 0.141406 0.127778
1 0.029297 0.162500 0.022656 0.038889
3 0.763281 0.284722 0.128125 0.119444
3 0.762891 0.284722 0.128906 0.116667
3 0.682422 0.210417 0.097656 0.076389
