3 0.653516 0.111111 0.057031 0.055556
1 0.100781 0.271528 0.098437 0.115278
1 0.851953 0.051389 0.014844 0.016667
0 0.419922 0.084028 0.008594 0.034722
1 0.707031 0.089583 0.040625 0.045833
1 0.626953 0.054167 0.036719 0.027778
0 0.443750 0.075000 0.012500 0.044444
1 0.572656 0.056944 0.045312 0.036111
3 0.873047 0.157639 0.036719 0.056944
1 0.016797 0.225000 0.033594 0.072222
1 0.823828 0.134028 0.030469 0.040278
1 0.819141 0.054861 0.019531 0.020833
0 0.392969 0.095139 0.009375 0.040278
3 0.344141 0.188194 0.108594 0.093056
1 0.618750 0.093056 0.045312 0.036111
0 0.939453 0.216667 0.011719 0.047222
1 0.016406 0.538194 0.032813 0.112500
