3 0.408203 0.106944 0.074219 0.061111
1 0.150391 0.168056 0.038281 0.047222
1 0.754297 0.052083 0.024219 0.026389
3 0.066797 0.069444 0.017969 0.036111
3 0.312500 0.115278 0.043750 0.041667
3 0.032813 0.134028 0.023438 0.037500
1 0.214062 0.352778 0.103125 0.155556
3 0.599219 0.076389 0.040625 0.041667
3 0.196484 0.065278 0.028906 0.036111
3 0.184375 0.140278 0.048438 0.061111
3 0.530078 0.470139 0.225781 0.309722
1 0.064062 0.217361 0.039062 0.056944
1 0.184375 0.133333 0.051562 0.075000
3 0.366406 0.149306 0.082812 0.076389
1 0.028125 0.165972 0.026562 0.043056
3 0.721484 0.084028 0.042969 0.062500
