3 0.696875 0.463889 0.137500 0.208333
1 0.101953 0.177778 0.035156 0.052778
1 0.846484 0.051389 0.014844 0.016667
1 0.600781 0.130556 0.056250 0.063889
3 0.807422 0.068750 0.028906 0.037500
1 0.810156 0.069444 0.028125 0.033333
1 0.605859 0.079861 0.041406 0.034722
1 0.713672 0.118750 0.044531 0.045833
1 0.820703 0.084722 0.025781 0.030556
3 0.696484 0.463889 0.139844 0.213889
1 0.165625 0.063889 0.025000 0.022222
1 0.707812 0.077083 0.035937 0.031944
0 0.189062 0.207639 0.012500 0.037500
3 0.121875 0.301389 0.117188 0.116667
1 0.579688 0.106250 0.053125 0.048611
