3 0.674219 0.104861 0.056250 0.054167
1 0.546094 0.106944 0.057813 0.061111
1 0.782813 0.068056 0.034375 0.050000
0 0.251172 0.138194 0.014844 0.056944
3 0.933203 0.095833 0.017969 0.025000
0 0.177734 0.165972 0.016406 0.040278
0 0.239844 0.140972 0.010937 0.045833
1 0.847266 0.115972 0.024219 0.034722
1 0.324219 0.167361 0.081250 0.065278
1 0.183594 0.270139 0.095312 0.090278
3 0.921484 0.145139 0.021094 0.037500
1 0.811328 0.195833 0.047656 0.058333
1 0.628125 0.322222 0.095312 0.100000
0 0.229297 0.136806 0.008594 0.040278
3 0.548438 0.054861 0.056250 0.040278
3 0.346875 0.402778 0.182812 0.172222
1 0.006641 0.547917 0.013281 0.098611
