1 0.512891 0.859028 0.310156 0.279167
1 0.404297 0.549306 0.164844 0.201389
1 0.704297 0.613194 0.186719 0.237500
1 0.223438 0.268056 0.065625 0.077778
0 0.919141 0.241667 0.011719 0.052778
1 0.089844 0.163194 0.032813 0.048611
1 0.023438 0.156250 0.023438 0.043056
1 0.934766 0.098611 0.014844 0.022222
1 0.055469 0.313194 0.051562 0.087500
1 0.475000 0.133333 0.067187 0.050000
1 0.514844 0.862500 0.290625 0.272222
1 0.687109 0.208333 0.094531 0.072222
1 0.041797 0.184028 0.027344 0.048611
1 0.787109 0.372917 0.125781 0.109722
1 0.060547 0.144444 0.024219 0.033333
1 0.091797 0.056250 0.016406 0.020833
