3 0.700391 0.097917 0.047656 0.051389
1 0.932422 0.102778 0.017969 0.025000
1 0.580859 0.084028 0.047656 0.045833
1 0.785156 0.073611 0.028125 0.041667
1 0.815234 0.058333 0.024219 0.025000
0 0.079297 0.215972 0.011719 0.043056
0 0.071094 0.234028 0.015625 0.051389
1 0.576953 0.368056 0.117969 0.113889
0 0.838672 0.865972 0.053906 0.159722
1 0.598828 0.503472 0.127344 0.176389
3 0.412109 0.154167 0.094531 0.094444
3 0.124609 0.703472 0.247656 0.309722
1 0.669531 0.079861 0.037500 0.043056
1 0.067969 0.614583 0.135937 0.151389
0 0.005469 0.267361 0.010937 0.059722
