3 0.653516 0.111806 0.055469 0.059722
1 0.850391 0.052083 0.016406 0.018056
0 0.440234 0.063889 0.007031 0.033333
1 0.705859 0.096528 0.042969 0.040278
1 0.484375 0.129861 0.073438 0.068056
1 0.625781 0.054167 0.037500 0.027778
0 0.415234 0.053472 0.008594 0.031944
1 0.569922 0.056250 0.042969 0.034722
1 0.017188 0.224306 0.034375 0.070833
1 0.579688 0.085417 0.045312 0.040278
0 0.393750 0.075694 0.012500 0.037500
0 0.930859 0.238889 0.013281 0.050000
3 0.849609 0.115278 0.027344 0.038889
3 0.808203 0.054861 0.017969 0.020833
2 0.376172 0.018750 0.057031 0.034722
1 0.023438 0.160417 0.023438 0.037500
1 0.657422 0.076389 0.030469 0.030556
1 0.003906 0.100000 0.007812 0.022222
0 0.955859 0.267361 0.014844 0.062500
1 0.123828 0.437500 0.157031 0.161111
