3 0.654297 0.111111 0.057031 0.055556
1 0.794141 0.058333 0.022656 0.025000
0 0.444141 0.071528 0.007031 0.040278
3 0.376953 0.017361 0.058594 0.034722
1 0.705078 0.093750 0.042969 0.043056
1 0.610547 0.092361 0.050781 0.045833
1 0.626953 0.054167 0.038281 0.027778
0 0.424609 0.060417 0.010156 0.037500
1 0.573047 0.055556 0.046094 0.038889
3 0.942578 0.109028 0.016406 0.034722
1 0.017578 0.225000 0.035156 0.066667
1 0.685156 0.063889 0.031250 0.030556
0 0.401172 0.079861 0.008594 0.037500
0 0.931641 0.231250 0.011719 0.048611
3 0.791016 0.147917 0.041406 0.051389
3 0.831641 0.053472 0.017969 0.020833
2 0.376563 0.018750 0.056250 0.034722
1 0.077734 0.476389 0.155469 0.169444
