1 0.467578 0.611111 0.185156 0.227778
1 0.802734 0.686111 0.191406 0.252778
1 0.244922 0.284722 0.075781 0.083333
0 0.916016 0.240278 0.011719 0.052778
1 0.094531 0.165278 0.032813 0.050000
1 0.025000 0.156944 0.025000 0.044444
1 0.936328 0.097917 0.014844 0.020833
1 0.063281 0.326389 0.054688 0.091667
1 0.451953 0.125000 0.063281 0.050000
1 0.596875 0.930556 0.206250 0.133333
1 0.652344 0.195139 0.093750 0.068056
1 0.045312 0.186806 0.029687 0.048611
1 0.748828 0.350000 0.124219 0.105556
1 0.062891 0.146528 0.025781 0.034722
