3 0.653516 0.111111 0.055469 0.058333
1 0.837109 0.050694 0.021094 0.026389
0 0.436328 0.061111 0.008594 0.036111
3 0.376953 0.017361 0.058594 0.034722
1 0.705859 0.093056 0.044531 0.044444
1 0.298828 0.200694 0.094531 0.090278
1 0.623437 0.054167 0.039062 0.030556
1 0.563672 0.056944 0.046094 0.036111
1 0.016797 0.224306 0.033594 0.065278
1 0.419141 0.132639 0.069531 0.054167
0 0.387891 0.073611 0.011719 0.036111
0 0.930078 0.240278 0.011719 0.044444
3 0.878516 0.097917 0.017969 0.031944
3 0.785156 0.058333 0.018750 0.030556
2 0.377344 0.018750 0.057813 0.034722
1 0.032031 0.171528 0.026562 0.043056
1 0.561328 0.105556 0.060156 0.058333
1 0.007422 0.104861 0.013281 0.023611
1 0.156641 0.411111 0.153906 0.155556
