1 0.148828 0.168056 0.038281 0.044444
3 0.190625 0.142361 0.045312 0.056944
3 0.106641 0.238889 0.066406 0.113889
3 0.600391 0.074306 0.041406 0.040278
3 0.702734 0.095833 0.046094 0.047222
3 0.130469 0.080556 0.026562 0.038889
1 0.608594 0.387500 0.145313 0.125000
1 0.428906 0.068750 0.048438 0.034722
1 0.416016 0.116667 0.061719 0.041667
1 0.712500 0.072917 0.031250 0.037500
1 0.699219 0.042361 0.028125 0.029167
3 0.530078 0.165972 0.071094 0.076389
3 0.619141 0.234722 0.192969 0.202778
0 0.805078 0.021528 0.008594 0.040278
1 0.078516 0.125000 0.022656 0.036111
1 0.726953 0.213889 0.061719 0.083333
