3 0.665234 0.106944 0.055469 0.055556
1 0.703516 0.056944 0.033594 0.033333
0 0.389453 0.090972 0.008594 0.040278
0 0.317578 0.113194 0.008594 0.043056
0 0.373828 0.094444 0.008594 0.036111
1 0.847266 0.050000 0.016406 0.019444
0 0.343750 0.096528 0.010937 0.031944
3 0.151953 0.242361 0.111719 0.106944
1 0.714453 0.091667 0.028906 0.038889
3 0.151953 0.241667 0.110156 0.108333
1 0.639453 0.047222 0.035156 0.033333
3 0.417187 0.114583 0.095312 0.101389
3 0.815234 0.243056 0.072656 0.122222
1 0.009375 0.205556 0.018750 0.058333
3 0.778125 0.292361 0.051562 0.087500
0 0.374609 0.096528 0.011719 0.040278
3 0.471484 0.365278 0.164844 0.158333
1 0.006250 0.549306 0.012500 0.095833
