1 0.293750 0.210417 0.081250 0.068056
3 0.598047 0.079861 0.038281 0.043056
3 0.700781 0.097222 0.046875 0.050000
1 0.232813 0.159722 0.053125 0.055556
1 0.093359 0.132639 0.030469 0.043056
1 0.660547 0.077083 0.039844 0.045833
1 0.085547 0.079167 0.022656 0.030556
1 0.705469 0.071528 0.042188 0.034722
1 0.549609 0.057639 0.046094 0.040278
1 0.155859 0.069444 0.019531 0.027778
1 0.164062 0.394444 0.128125 0.105556
3 0.483203 0.172222 0.111719 0.077778
1 0.155078 0.129861 0.044531 0.045833
1 0.837109 0.043056 0.017969 0.027778
