3 0.553906 0.535417 0.146875 0.248611
1 0.780859 0.097222 0.030469 0.038889
1 0.535156 0.179167 0.065625 0.097222
1 0.276172 0.072222 0.041406 0.033333
1 0.212109 0.065278 0.032031 0.033333
1 0.017578 0.225694 0.035156 0.068056
1 0.055859 0.196528 0.032031 0.051389
0 0.939453 0.257639 0.011719 0.054167
1 0.096484 0.165972 0.035156 0.051389
0 0.924609 0.245139 0.010156 0.051389
1 0.067578 0.152778 0.027344 0.036111
3 0.864453 0.702778 0.194531 0.325000
3 0.553516 0.535417 0.147656 0.254167
3 0.701953 0.084722 0.052344 0.066667
1 0.891016 0.722222 0.216406 0.338889
1 0.051953 0.434028 0.103906 0.129167
2 0.376953 0.017361 0.060156 0.034722
1 0.354687 0.221528 0.078125 0.101389
