3 0.598437 0.079167 0.037500 0.038889
3 0.701172 0.095833 0.050781 0.058333
1 0.691797 0.225694 0.086719 0.073611
1 0.536328 0.059028 0.049219 0.043056
1 0.212109 0.064583 0.028906 0.034722
1 0.801953 0.140972 0.041406 0.056944
1 0.203516 0.191667 0.053906 0.061111
1 0.802734 0.058333 0.021094 0.025000
1 0.013672 0.063889 0.022656 0.022222
1 0.090625 0.130556 0.029687 0.047222
1 0.841016 0.054861 0.028906 0.023611
1 0.428516 0.420139 0.169531 0.123611
1 0.664453 0.078472 0.047656 0.048611
1 0.870703 0.059722 0.014844 0.016667
