1 0.826953 0.129861 0.030469 0.040278
1 0.879297 0.135417 0.025781 0.043056
1 0.105078 0.181944 0.036719 0.058333
1 0.699219 0.119444 0.051562 0.061111
1 0.929297 0.127083 0.016406 0.029167
1 0.041797 0.362500 0.083594 0.113889
3 0.078516 0.161806 0.032031 0.051389
1 0.943750 0.110417 0.015625 0.029167
1 0.913672 0.106944 0.016406 0.030556
2 0.351562 0.126389 0.196875 0.161111
2 0.019141 0.200000 0.038281 0.125000
1 0.622266 0.096528 0.046094 0.040278
1 0.658984 0.311111 0.089844 0.097222
1 0.376953 0.019444 0.058594 0.036111
3 0.805469 0.056250 0.023438 0.023611
0 0.941797 0.259722 0.010156 0.041667
