1 0.370312 0.372222 0.123438 0.150000
3 0.188672 0.236111 0.064844 0.088889
2 0.091797 0.359028 0.142969 0.281944
1 0.146094 0.165972 0.039062 0.051389
1 0.855469 0.877083 0.254688 0.243056
1 0.085156 0.222917 0.050000 0.054167
3 0.063672 0.147222 0.027344 0.038889
1 0.031641 0.127083 0.032031 0.034722
1 0.750000 0.052778 0.015625 0.027778
1 0.102344 0.173611 0.039062 0.058333
3 0.412109 0.165278 0.096094 0.086111
1 0.039844 0.175000 0.028125 0.044444
1 0.013672 0.147917 0.019531 0.034722
3 0.511328 0.165972 0.102344 0.084722
3 0.509766 0.165972 0.102344 0.084722
