3 0.649609 0.112500 0.055469 0.055556
1 0.810547 0.056250 0.019531 0.023611
0 0.395703 0.050694 0.008594 0.029167
3 0.375781 0.018056 0.059375 0.036111
1 0.707422 0.090278 0.042969 0.041667
1 0.575781 0.056944 0.043750 0.033333
1 0.510156 0.062500 0.053125 0.038889
1 0.017578 0.225000 0.035156 0.069444
0 0.357812 0.056250 0.009375 0.031944
3 0.485547 0.131944 0.078906 0.069444
1 0.051172 0.192361 0.030469 0.048611
0 0.941016 0.217361 0.011719 0.043056
1 0.019141 0.115278 0.013281 0.022222
1 0.042578 0.127083 0.017969 0.034722
1 0.891797 0.052083 0.011719 0.018056
0 0.923828 0.243750 0.011719 0.056944
3 0.147266 0.282639 0.124219 0.123611
