3 0.593359 0.102083 0.013281 0.045833
1 0.583594 0.728472 0.225000 0.276389
1 0.644141 0.086111 0.042969 0.044444
1 0.848047 0.537500 0.164844 0.155556
3 0.155078 0.078472 0.046094 0.062500
3 0.271094 0.084722 0.060937 0.080556
1 0.182812 0.056944 0.017188 0.022222
1 0.725391 0.619444 0.208594 0.308333
1 0.393359 0.108333 0.057031 0.044444
3 0.311328 0.138194 0.072656 0.079167
3 0.271875 0.085417 0.060937 0.081944
3 0.876953 0.170833 0.035156 0.061111
3 0.507812 0.145833 0.132812 0.127778
3 0.633984 0.181250 0.105469 0.087500
1 0.091406 0.073611 0.018750 0.038889
1 0.119531 0.262500 0.070312 0.100000
