3 0.590625 0.101389 0.010937 0.044444
1 0.062891 0.073611 0.011719 0.025000
1 0.721875 0.845139 0.243750 0.304167
1 0.901953 0.327083 0.089844 0.093056
1 0.644141 0.086111 0.042969 0.044444
1 0.831641 0.526389 0.161719 0.147222
3 0.144922 0.077083 0.041406 0.059722
1 0.851953 0.697917 0.183594 0.276389
1 0.200000 0.068750 0.026562 0.031944
1 0.369141 0.102778 0.053906 0.044444
3 0.306250 0.137500 0.112500 0.086111
3 0.253516 0.082639 0.053906 0.081944
3 0.880078 0.168056 0.033594 0.055556
3 0.463672 0.131250 0.121094 0.120833
1 0.087109 0.072222 0.019531 0.041667
1 0.140234 0.283333 0.078906 0.111111
