1 0.915234 0.105556 0.019531 0.027778
1 0.928516 0.100694 0.016406 0.026389
1 0.104688 0.181250 0.037500 0.059722
1 0.694141 0.122222 0.052344 0.063889
1 0.783984 0.051389 0.021094 0.019444
3 0.079297 0.161806 0.035156 0.054167
2 0.019141 0.199306 0.038281 0.123611
3 0.526953 0.115972 0.072656 0.068056
1 0.264844 0.227778 0.087500 0.080556
1 0.866016 0.146528 0.030469 0.043056
3 0.749609 0.063889 0.022656 0.036111
3 0.631641 0.069444 0.044531 0.044444
1 0.767188 0.215972 0.050000 0.068056
3 0.436328 0.122917 0.083594 0.070833
1 0.008203 0.550000 0.016406 0.091667
3 0.697656 0.200000 0.060937 0.063889
