3 0.648828 0.150000 0.060156 0.069444
1 0.753906 0.085417 0.029687 0.034722
1 0.287109 0.175000 0.085156 0.083333
3 0.491797 0.109722 0.078906 0.061111
1 0.101562 0.177778 0.034375 0.050000
1 0.075391 0.063194 0.013281 0.018056
1 0.897266 0.118750 0.019531 0.031944
1 0.718359 0.092361 0.036719 0.040278
3 0.825391 0.131250 0.030469 0.040278
1 0.832422 0.181944 0.036719 0.050000
1 0.810547 0.056944 0.019531 0.025000
1 0.770703 0.061806 0.024219 0.026389
1 0.305078 0.074306 0.052344 0.031944
3 0.363672 0.184028 0.111719 0.093056
1 0.851172 0.075694 0.017969 0.026389
3 0.628125 0.228472 0.093750 0.093056
3 0.497266 0.415278 0.160156 0.161111
1 0.287500 0.176389 0.084375 0.083333
