1 0.080859 0.073611 0.013281 0.019444
1 0.030469 0.247222 0.040625 0.080556
1 0.073828 0.216667 0.039844 0.061111
1 0.130859 0.190972 0.044531 0.065278
1 0.082031 0.164583 0.029687 0.037500
1 0.939063 0.096528 0.014063 0.020833
0 0.939844 0.255556 0.010937 0.052778
1 0.051562 0.145139 0.034375 0.031944
1 0.014844 0.147917 0.029687 0.037500
1 0.887891 0.134028 0.022656 0.037500
0 0.252734 0.044444 0.007031 0.025000
1 0.146094 0.086806 0.032813 0.040278
3 0.146484 0.087500 0.030469 0.038889
1 0.210938 0.072222 0.031250 0.027778
