3 0.651953 0.111806 0.055469 0.059722
1 0.829297 0.054861 0.016406 0.020833
0 0.405078 0.051389 0.010156 0.030556
3 0.377344 0.018056 0.059375 0.036111
1 0.705469 0.093750 0.045312 0.045833
1 0.583984 0.056250 0.044531 0.034722
1 0.522266 0.062500 0.047656 0.038889
1 0.017578 0.224306 0.035156 0.065278
0 0.364063 0.059028 0.007812 0.037500
3 0.569922 0.104861 0.061719 0.056944
1 0.048828 0.190278 0.030469 0.050000
0 0.941016 0.217361 0.008594 0.040278
1 0.014844 0.111111 0.014063 0.019444
1 0.033203 0.120139 0.024219 0.026389
1 0.216797 0.359722 0.139844 0.141667
3 0.306641 0.200694 0.111719 0.098611
