3 0.669922 0.138194 0.055469 0.062500
1 0.755078 0.084722 0.027344 0.036111
3 0.085547 0.061806 0.025781 0.034722
3 0.336328 0.190278 0.182031 0.125000
1 0.563281 0.087500 0.051562 0.050000
3 0.626953 0.088194 0.053906 0.054167
1 0.101953 0.178472 0.035156 0.051389
0 0.119922 0.196528 0.021094 0.037500
1 0.140234 0.068750 0.022656 0.029167
1 0.813672 0.179167 0.041406 0.058333
1 0.721484 0.090278 0.036719 0.041667
3 0.646484 0.237500 0.078906 0.077778
1 0.499609 0.449306 0.146094 0.140278
0 0.239453 0.045139 0.005469 0.023611
1 0.825391 0.056250 0.016406 0.018056
1 0.798047 0.058333 0.019531 0.025000
