1 0.151172 0.169444 0.039844 0.050000
3 0.598047 0.077778 0.036719 0.038889
3 0.701953 0.096528 0.049219 0.054167
1 0.147656 0.124306 0.032813 0.034722
1 0.032813 0.373611 0.065625 0.100000
1 0.241016 0.118750 0.047656 0.045833
1 0.659766 0.072917 0.036719 0.048611
1 0.081250 0.127083 0.021875 0.037500
1 0.710938 0.072222 0.034375 0.036111
3 0.125391 0.072222 0.042969 0.055556
1 0.538672 0.390972 0.153906 0.112500
1 0.823047 0.056250 0.016406 0.020833
1 0.351562 0.100000 0.050000 0.047222
1 0.418750 0.070139 0.056250 0.037500
3 0.930469 0.570833 0.137500 0.177778
