3 0.665234 0.106944 0.055469 0.055556
0 0.249609 0.131250 0.013281 0.051389
1 0.912109 0.112500 0.016406 0.025000
1 0.877734 0.136806 0.024219 0.034722
0 0.285938 0.116667 0.012500 0.041667
3 0.826172 0.127778 0.035156 0.047222
3 0.222266 0.207639 0.103906 0.098611
1 0.008984 0.340278 0.017969 0.061111
3 0.619922 0.068056 0.047656 0.044444
1 0.727734 0.090278 0.039844 0.038889
3 0.559375 0.271528 0.123438 0.134722
3 0.715234 0.048611 0.049219 0.052778
3 0.562891 0.109028 0.066406 0.054167
2 0.375781 0.017361 0.054688 0.031944
1 0.006250 0.547917 0.012500 0.098611
