0 0.151562 0.169444 0.039062 0.050000
2 0.598437 0.079861 0.035937 0.040278
2 0.701953 0.096528 0.047656 0.051389
0 0.497266 0.338889 0.132031 0.116667
0 0.198047 0.066667 0.027344 0.033333
0 0.660547 0.076389 0.039844 0.044444
0 0.081641 0.126389 0.021094 0.038889
0 0.368359 0.397917 0.133594 0.143056
0 0.709766 0.072222 0.032031 0.033333
2 0.429297 0.136806 0.085156 0.076389
0 0.887109 0.551389 0.157031 0.152778
0 0.784375 0.054167 0.021875 0.022222
0 0.166016 0.056250 0.021094 0.029167
0 0.901953 0.335417 0.089844 0.084722
0 0.421484 0.072222 0.052344 0.036111
2 0.158203 0.091667 0.025781 0.036111
4 0.318359 0.113194 0.096094 0.109722
