2 0.663672 0.108333 0.053906 0.052778
0 0.648438 0.066667 0.043750 0.038889
0 0.838672 0.050694 0.017969 0.023611
2 0.888281 0.095139 0.021875 0.031944
2 0.023047 0.314583 0.046094 0.090278
0 0.713672 0.090972 0.032031 0.043056
2 0.023438 0.316667 0.046875 0.088889
0 0.796094 0.059028 0.017188 0.023611
0 0.012891 0.212500 0.025781 0.063889
0 0.612500 0.049306 0.039062 0.037500
2 0.262891 0.225000 0.097656 0.088889
0 0.005859 0.547917 0.011719 0.095833
2 0.737891 0.107639 0.047656 0.048611
2 0.648984 0.257292 0.175469 0.150694
2 0.230152 0.643500 0.239852 0.278278
2 0.861523 0.190347 0.064453 0.105694
