2 0.653516 0.110417 0.055469 0.059722
0 0.019531 0.322917 0.039062 0.093056
0 0.847266 0.051389 0.016406 0.016667
2 0.376172 0.017361 0.057031 0.034722
0 0.707031 0.090278 0.042188 0.047222
0 0.573047 0.056250 0.047656 0.037500
2 0.890234 0.148611 0.030469 0.050000
0 0.017188 0.223611 0.034375 0.077778
0 0.844922 0.121528 0.024219 0.031944
0 0.810547 0.056250 0.021094 0.023611
2 0.237500 0.235417 0.117188 0.109722
0 0.576172 0.106250 0.055469 0.045833
0 0.020703 0.322222 0.041406 0.094444
0 0.021875 0.525694 0.043750 0.104167
0 0.626836 0.054167 0.032266 0.027778
