0 0.458984 0.116667 0.088281 0.075000
4 0.083984 0.212500 0.063281 0.127778
2 0.192578 0.150000 0.046094 0.050000
4 0.313672 0.093056 0.072656 0.080556
0 0.151562 0.170139 0.039062 0.048611
0 0.189453 0.244444 0.060156 0.086111
2 0.144922 0.059028 0.021094 0.029167
2 0.259766 0.121528 0.041406 0.045833
2 0.603906 0.077778 0.048438 0.044444
0 0.638672 0.786111 0.228906 0.308333
2 0.701172 0.097222 0.049219 0.052778
0 0.178125 0.079167 0.025000 0.033333
0 0.779687 0.701389 0.215625 0.247222
0 0.645312 0.227083 0.089063 0.054167
2 0.669141 0.293750 0.127344 0.109722
0 0.931641 0.562500 0.132031 0.138889
0 0.931641 0.562500 0.132031 0.136111
0 0.043359 0.189583 0.022656 0.056944
