0 0.079687 0.161806 0.034375 0.054167
0 0.799219 0.145139 0.034375 0.037500
0 0.936328 0.100694 0.016406 0.023611
0 0.104688 0.181944 0.039062 0.058333
0 0.693359 0.122222 0.050781 0.061111
0 0.758203 0.054861 0.019531 0.018056
1 0.019141 0.198611 0.038281 0.122222
2 0.320312 0.194444 0.109375 0.094444
0 0.898828 0.123611 0.021094 0.030556
2 0.679688 0.077083 0.046875 0.043056
2 0.566797 0.083333 0.063281 0.044444
0 0.844141 0.157639 0.033594 0.051389
2 0.269922 0.182639 0.069531 0.087500
0 0.019141 0.536111 0.038281 0.097222
0 0.575781 0.270833 0.095312 0.100000
