0 0.154297 0.170139 0.039844 0.051389
2 0.598828 0.078472 0.039844 0.043056
2 0.701172 0.095833 0.049219 0.052778
0 0.147656 0.124306 0.034375 0.037500
0 0.063281 0.118056 0.028125 0.030556
0 0.164453 0.096528 0.030469 0.040278
0 0.083594 0.127778 0.021875 0.036111
0 0.199609 0.357639 0.124219 0.095833
0 0.806250 0.058333 0.020313 0.025000
0 0.262891 0.081944 0.033594 0.030556
0 0.381250 0.076389 0.051562 0.030556
2 0.755078 0.470833 0.189844 0.197222
0 0.376953 0.018750 0.058594 0.037500
0 0.639062 0.279167 0.125000 0.108333
0 0.660156 0.068472 0.039062 0.039722
