2 0.630078 0.179167 0.103906 0.086111
0 0.148438 0.166667 0.040625 0.050000
0 0.792578 0.051389 0.019531 0.019444
0 0.306641 0.467361 0.135156 0.168056
2 0.087891 0.063194 0.017969 0.026389
2 0.291406 0.083333 0.046875 0.041667
2 0.221484 0.082639 0.047656 0.048611
0 0.087891 0.227083 0.052344 0.087500
2 0.180469 0.136111 0.046875 0.058333
2 0.187109 0.227083 0.078906 0.129167
0 0.144141 0.438889 0.088281 0.161111
0 0.029687 0.172917 0.026562 0.043056
0 0.523047 0.185417 0.082031 0.065278
0 0.180469 0.136111 0.046875 0.058333
2 0.217578 0.083333 0.046094 0.047222
