2 0.653516 0.111111 0.055469 0.058333
0 0.829297 0.054861 0.017969 0.020833
0 0.712891 0.069444 0.028906 0.033333
0 0.701953 0.098611 0.036719 0.038889
0 0.626172 0.054861 0.039844 0.029167
0 0.573047 0.055556 0.046094 0.038889
2 0.919922 0.128472 0.021094 0.034722
0 0.017188 0.225000 0.034375 0.069444
0 0.883984 0.100694 0.017969 0.026389
0 0.381641 0.175694 0.086719 0.070833
2 0.541797 0.285417 0.108594 0.109722
0 0.004297 0.134028 0.008594 0.029167
0 0.042578 0.510417 0.085156 0.129167
2 0.853516 0.050694 0.013281 0.018056
