0 0.079687 0.161806 0.032813 0.051389
0 0.592578 0.256944 0.088281 0.111111
0 0.753516 0.168750 0.046094 0.054167
0 0.825391 0.175694 0.039844 0.062500
0 0.106250 0.181944 0.035937 0.058333
0 0.698828 0.119444 0.050781 0.058333
0 0.142969 0.250000 0.085938 0.094444
0 0.906641 0.150694 0.024219 0.040278
0 0.367188 0.181944 0.090625 0.072222
0 0.928516 0.127778 0.017969 0.030556
0 0.886328 0.128472 0.022656 0.040278
1 0.512891 0.081944 0.138281 0.108333
1 0.019141 0.200000 0.038281 0.122222
0 0.687891 0.080556 0.036719 0.036111
0 0.282422 0.612500 0.196094 0.208333
