0 0.349219 0.419444 0.151562 0.130556
0 0.079687 0.161806 0.034375 0.051389
0 0.871484 0.115278 0.025781 0.033333
0 0.905078 0.115278 0.021094 0.036111
0 0.105859 0.169444 0.027344 0.030556
0 0.697266 0.120833 0.049219 0.061111
0 0.943359 0.113889 0.019531 0.030556
0 0.928125 0.100694 0.014063 0.023611
1 0.164453 0.209722 0.230469 0.219444
1 0.018750 0.199306 0.037500 0.120833
0 0.528516 0.124306 0.060156 0.054167
0 0.786719 0.211806 0.048438 0.065278
2 0.787891 0.057639 0.027344 0.031944
2 0.698047 0.059028 0.042969 0.037500
0 0.503906 0.417361 0.132812 0.140278
2 0.572266 0.083333 0.058594 0.050000
0 0.768750 0.050694 0.020313 0.023611
