2 0.659766 0.191667 0.110156 0.091667
0 0.145313 0.163194 0.034375 0.048611
0 0.265625 0.425000 0.120313 0.150000
2 0.089844 0.063194 0.018750 0.026389
2 0.228516 0.084722 0.052344 0.047222
0 0.082031 0.220833 0.046875 0.080556
2 0.157812 0.071528 0.029687 0.043056
2 0.175391 0.218750 0.074219 0.123611
0 0.120703 0.402083 0.077344 0.145833
0 0.027344 0.169444 0.026562 0.041667
0 0.555078 0.197917 0.086719 0.065278
2 0.705078 0.306944 0.138281 0.116667
0 0.009375 0.143056 0.018750 0.033333
2 0.228516 0.084722 0.050781 0.044444
2 0.180078 0.136111 0.046094 0.058333
