0 0.105078 0.181944 0.036719 0.055556
0 0.689453 0.124306 0.052344 0.065278
1 0.018750 0.200000 0.037500 0.125000
2 0.019531 0.368750 0.039062 0.087500
0 0.919922 0.109028 0.017969 0.029167
2 0.564844 0.100000 0.068750 0.077778
0 0.886328 0.127083 0.021094 0.034722
2 0.083984 0.290278 0.111719 0.116667
0 0.029297 0.521528 0.058594 0.095833
0 0.758984 0.166667 0.046094 0.058333
0 0.339453 0.193056 0.086719 0.072222
2 0.658203 0.065972 0.046094 0.040278
0 0.853516 0.116667 0.024219 0.030556
0 0.079297 0.161111 0.032031 0.052778
