2 0.701172 0.120833 0.050781 0.058333
0 0.155469 0.281944 0.093750 0.105556
0 0.305078 0.171528 0.080469 0.076389
0 0.756250 0.083333 0.029687 0.033333
2 0.167578 0.068056 0.032031 0.033333
0 0.273047 0.070833 0.044531 0.038889
0 0.661328 0.064583 0.035156 0.034722
2 0.709766 0.058333 0.033594 0.033333
0 0.099609 0.177778 0.036719 0.052778
0 0.549609 0.086806 0.033594 0.040278
0 0.500391 0.404167 0.132031 0.141667
0 0.722266 0.089583 0.036719 0.040278
0 0.993359 0.099306 0.011719 0.045833
0 0.082031 0.618750 0.164062 0.187500
5 0.601562 0.087500 0.095312 0.080556
