2 0.182812 0.138889 0.046875 0.058333
2 0.512891 0.134722 0.089844 0.072222
0 0.148828 0.164583 0.039844 0.054167
0 0.773828 0.052083 0.024219 0.023611
0 0.605078 0.752083 0.238281 0.298611
0 0.130859 0.272222 0.069531 0.105556
2 0.238672 0.072917 0.036719 0.037500
2 0.295312 0.302778 0.129688 0.191667
0 0.350391 0.736806 0.200781 0.318056
0 0.042969 0.189583 0.031250 0.051389
0 0.405859 0.142361 0.067969 0.051389
2 0.496875 0.204167 0.106250 0.088889
0 0.019141 0.153472 0.022656 0.037500
2 0.728516 0.086111 0.042969 0.052778
0 0.844922 0.339583 0.094531 0.098611
