2 0.340625 0.090278 0.059375 0.044444
2 0.192578 0.143750 0.046094 0.062500
0 0.571484 0.154167 0.103906 0.088889
4 0.049609 0.181250 0.052344 0.095833
0 0.151172 0.170139 0.039844 0.048611
2 0.341016 0.151389 0.066406 0.055556
0 0.117188 0.188194 0.042188 0.062500
2 0.170703 0.062500 0.027344 0.033333
2 0.598047 0.078472 0.038281 0.043056
0 0.255078 0.413889 0.107031 0.150000
2 0.701953 0.090972 0.049219 0.065278
0 0.221484 0.086806 0.035156 0.040278
0 0.351562 0.375694 0.123438 0.129167
0 0.873828 0.352083 0.097656 0.062500
2 0.894141 0.429167 0.125781 0.130556
0 0.968359 0.586806 0.061719 0.120833
