0 0.883203 0.097917 0.019531 0.026389
0 0.076172 0.161111 0.030469 0.050000
0 0.102344 0.179167 0.037500 0.058333
0 0.683203 0.125694 0.055469 0.065278
0 0.687109 0.061806 0.035156 0.034722
1 0.017188 0.195833 0.034375 0.122222
0 0.933984 0.098611 0.013281 0.019444
2 0.377734 0.160417 0.105469 0.112500
2 0.311328 0.163194 0.071094 0.079167
0 0.912109 0.106944 0.017969 0.030556
0 0.034766 0.513889 0.069531 0.108333
0 0.832422 0.125000 0.028906 0.041667
0 0.056641 0.343056 0.100781 0.105556
2 0.601172 0.073611 0.052344 0.047222
2 0.566016 0.276389 0.122656 0.122222
