0 0.634766 0.048611 0.042969 0.033333
0 0.874687 0.897222 0.246250 0.202778
2 0.595039 0.179375 0.265078 0.167083
0 0.314453 0.213194 0.086719 0.081944
0 0.592578 0.079861 0.047656 0.043056
0 0.053516 0.135417 0.030469 0.045833
0 0.154688 0.159722 0.039062 0.050000
0 0.149219 0.075000 0.023438 0.030556
0 0.104297 0.071528 0.021094 0.040278
2 0.155469 0.215972 0.064062 0.087500
2 0.360938 0.149306 0.087500 0.079167
2 0.527734 0.181944 0.107031 0.083333
0 0.143359 0.122917 0.025781 0.037500
7 0.021875 0.152778 0.043750 0.080556
