2 0.487500 0.128472 0.085938 0.068056
0 0.149219 0.165972 0.039062 0.051389
0 0.769531 0.052778 0.023438 0.022222
0 0.708203 0.840278 0.255469 0.316667
0 0.145703 0.284722 0.072656 0.113889
2 0.332422 0.328472 0.149219 0.209722
0 0.446875 0.836806 0.242188 0.320833
0 0.046875 0.194444 0.031250 0.050000
0 0.382812 0.134722 0.062500 0.050000
2 0.463672 0.188889 0.102344 0.083333
0 0.020703 0.156944 0.024219 0.038889
2 0.727344 0.086111 0.043750 0.055556
0 0.807422 0.318056 0.094531 0.097222
2 0.184375 0.138889 0.046875 0.061111
