0 0.151172 0.169444 0.039844 0.050000
2 0.598047 0.077778 0.036719 0.038889
2 0.701953 0.096528 0.049219 0.054167
0 0.147266 0.124306 0.032031 0.034722
0 0.028516 0.377083 0.057031 0.095833
0 0.239063 0.118056 0.042188 0.047222
0 0.659766 0.073611 0.038281 0.047222
0 0.081250 0.127083 0.021875 0.037500
0 0.710938 0.072222 0.034375 0.036111
0 0.527734 0.388194 0.152344 0.109722
0 0.823047 0.056944 0.017969 0.022222
0 0.346875 0.097917 0.050000 0.045833
0 0.418359 0.069444 0.058594 0.038889
2 0.928516 0.565972 0.141406 0.173611
4 0.120938 0.072917 0.037187 0.054167
