7 0.144531 0.304167 0.193750 0.216667
0 0.314453 0.213194 0.089844 0.084722
0 0.592187 0.079167 0.046875 0.044444
0 0.326562 0.088889 0.048438 0.038889
0 0.124609 0.184028 0.041406 0.054167
2 0.665234 0.233333 0.121094 0.100000
0 0.451172 0.067361 0.061719 0.034722
0 0.339453 0.152083 0.061719 0.051389
0 0.165234 0.079167 0.024219 0.030556
2 0.035547 0.168056 0.032031 0.055556
0 0.661328 0.295833 0.110156 0.088889
0 0.006250 0.139583 0.012500 0.029167
0 0.590234 0.169444 0.082031 0.066667
0 0.225000 0.111806 0.040625 0.045833
0 0.685547 0.618056 0.202344 0.222222
0 0.157422 0.161806 0.039844 0.062500
