0 0.151172 0.170139 0.039844 0.048611
2 0.373047 0.161111 0.075781 0.066667
0 0.102734 0.177083 0.036719 0.056944
2 0.178906 0.063194 0.031250 0.037500
2 0.598828 0.078472 0.036719 0.040278
0 0.938672 0.958333 0.121094 0.080556
0 0.204297 0.363194 0.086719 0.123611
2 0.702734 0.090278 0.049219 0.063889
0 0.235937 0.088889 0.034375 0.041667
0 0.282813 0.322222 0.098437 0.108333
4 0.453516 0.131250 0.102344 0.112500
2 0.366797 0.097917 0.063281 0.051389
4 0.044922 0.172917 0.041406 0.090278
0 0.610547 0.169444 0.110156 0.094444
2 0.192969 0.143056 0.045312 0.063889
