0 0.151562 0.169444 0.039062 0.047222
2 0.116016 0.082639 0.022656 0.034722
2 0.598047 0.077083 0.038281 0.040278
2 0.701953 0.095833 0.049219 0.055556
0 0.150781 0.125694 0.023438 0.034722
0 0.393359 0.311806 0.128906 0.104167
0 0.174219 0.063889 0.023438 0.030556
0 0.660156 0.072917 0.039062 0.048611
0 0.080859 0.126389 0.021094 0.038889
0 0.942578 0.802778 0.113281 0.158333
0 0.848047 0.525000 0.155469 0.150000
0 0.159375 0.055556 0.017188 0.027778
0 0.673828 0.211111 0.086719 0.069444
0 0.422266 0.070833 0.053906 0.038889
4 0.227344 0.091667 0.068750 0.086111
