0 0.530078 0.138889 0.096094 0.083333
2 0.192969 0.143750 0.043750 0.062500
2 0.315234 0.086806 0.049219 0.043056
4 0.060937 0.190278 0.054688 0.105556
4 0.375000 0.107639 0.084375 0.095833
0 0.153906 0.169444 0.032813 0.044444
2 0.309375 0.137500 0.057813 0.058333
0 0.137109 0.202778 0.047656 0.069444
2 0.160938 0.061111 0.026562 0.033333
2 0.598047 0.078472 0.038281 0.043056
0 0.341797 0.502083 0.144531 0.193056
2 0.701562 0.095139 0.046875 0.054167
0 0.203906 0.084028 0.028125 0.034722
0 0.461719 0.459028 0.159375 0.168056
0 0.790625 0.303472 0.095312 0.056944
2 0.816797 0.377778 0.135156 0.127778
0 0.957422 0.580556 0.082031 0.113889
