0 0.145313 0.163889 0.040625 0.050000
0 0.890234 0.926389 0.205469 0.144444
0 0.792188 0.068056 0.028125 0.041667
0 0.475000 0.456250 0.159375 0.193056
0 0.130078 0.281250 0.057031 0.084722
0 0.043359 0.188194 0.030469 0.048611
2 0.183594 0.076389 0.037500 0.038889
2 0.141797 0.084028 0.032031 0.040278
0 0.017188 0.148611 0.026562 0.041667
2 0.375781 0.100694 0.048438 0.037500
2 0.321484 0.136806 0.066406 0.062500
2 0.410547 0.129167 0.085156 0.077778
2 0.321484 0.137500 0.066406 0.061111
0 0.948047 0.443056 0.102344 0.166667
2 0.673438 0.233333 0.143750 0.119444
