0 0.071484 0.619444 0.142969 0.216667
0 0.079297 0.162500 0.033594 0.052778
0 0.285156 0.223611 0.096875 0.083333
0 0.566016 0.272222 0.099219 0.094444
0 0.114844 0.265972 0.090625 0.101389
0 0.693359 0.276389 0.085156 0.102778
0 0.105859 0.181944 0.036719 0.058333
0 0.699609 0.120139 0.050781 0.059722
0 0.403516 0.136806 0.072656 0.062500
0 0.865234 0.195139 0.036719 0.059722
0 0.562891 0.111111 0.058594 0.050000
0 0.905859 0.152083 0.024219 0.043056
0 0.832422 0.169444 0.035156 0.055556
1 0.613281 0.059028 0.101562 0.079167
1 0.019141 0.200694 0.038281 0.123611
