2 0.451328 0.155556 0.144844 0.086111
0 0.808203 0.142361 0.035156 0.043056
6 0.653262 0.065951 0.022820 0.039125
2 0.652734 0.146528 0.060156 0.073611
0 0.755078 0.082639 0.028906 0.034722
0 0.350781 0.150000 0.082812 0.077778
2 0.532813 0.095139 0.071875 0.051389
0 0.101562 0.177778 0.034375 0.050000
0 0.083203 0.063889 0.016406 0.025000
0 0.888672 0.125000 0.022656 0.036111
0 0.719922 0.093056 0.036719 0.041667
0 0.808984 0.202778 0.044531 0.055556
0 0.814453 0.056944 0.019531 0.025000
0 0.776563 0.061806 0.023438 0.023611
0 0.340234 0.072917 0.057031 0.037500
0 0.858203 0.073611 0.017969 0.025000
2 0.547266 0.273611 0.117969 0.111111
2 0.380859 0.509028 0.196094 0.193056
