0 0.145703 0.166667 0.039844 0.047222
0 0.789453 0.067361 0.030469 0.045833
0 0.551953 0.515972 0.177344 0.220833
0 0.143750 0.296528 0.060937 0.087500
0 0.047266 0.192361 0.032031 0.051389
2 0.174219 0.075000 0.032813 0.038889
2 0.177344 0.074306 0.034375 0.040278
0 0.018359 0.150000 0.025781 0.041667
2 0.352734 0.098611 0.047656 0.047222
2 0.296875 0.130556 0.057813 0.055556
2 0.380859 0.121528 0.080469 0.073611
2 0.296875 0.131250 0.057813 0.056944
0 0.915234 0.450694 0.147656 0.140278
2 0.055078 0.131250 0.033594 0.062500
2 0.631641 0.211111 0.142969 0.111111
