0 0.077734 0.160417 0.032031 0.054167
0 0.875391 0.103472 0.017969 0.026389
0 0.102734 0.181250 0.038281 0.059722
0 0.685547 0.125000 0.052344 0.061111
0 0.701953 0.060417 0.033594 0.031944
1 0.017969 0.193750 0.035937 0.131944
0 0.930859 0.102083 0.014844 0.023611
2 0.449609 0.134028 0.092969 0.098611
2 0.378516 0.141667 0.097656 0.077778
0 0.905078 0.112500 0.017969 0.030556
0 0.033203 0.515972 0.066406 0.106944
0 0.812891 0.134722 0.033594 0.047222
0 0.158594 0.279167 0.098437 0.094444
2 0.620703 0.068750 0.050781 0.045833
2 0.426953 0.362500 0.166406 0.155556
