0 0.916016 0.104861 0.017969 0.026389
0 0.104688 0.181250 0.037500 0.059722
0 0.694141 0.122222 0.052344 0.063889
0 0.782422 0.052778 0.022656 0.019444
1 0.019141 0.199306 0.038281 0.123611
2 0.514062 0.120139 0.076563 0.073611
0 0.239453 0.239583 0.089844 0.081944
0 0.869922 0.143750 0.028906 0.043056
2 0.748047 0.066667 0.021094 0.033333
2 0.626172 0.070833 0.047656 0.044444
0 0.776172 0.209722 0.047656 0.066667
2 0.424609 0.126389 0.085156 0.069444
0 0.009766 0.550694 0.019531 0.095833
0 0.174219 0.541667 0.164062 0.180556
0 0.709766 0.193056 0.057031 0.061111
0 0.079297 0.161806 0.035156 0.054167
