0 0.820703 0.133333 0.033594 0.041667
0 0.875391 0.138889 0.027344 0.047222
0 0.105469 0.181944 0.037500 0.058333
0 0.699609 0.118750 0.050781 0.062500
0 0.927734 0.131250 0.017969 0.029167
0 0.076953 0.333333 0.105469 0.111111
0 0.942578 0.111111 0.016406 0.030556
0 0.911328 0.111806 0.019531 0.031944
1 0.373437 0.121528 0.190625 0.154167
1 0.019141 0.200000 0.038281 0.125000
0 0.632422 0.094444 0.044531 0.038889
0 0.630859 0.332639 0.099219 0.104167
2 0.806641 0.056944 0.022656 0.022222
2 0.634375 0.066667 0.045312 0.041667
0 0.078516 0.161806 0.032031 0.051389
