0 0.796484 0.185417 0.042969 0.051389
2 0.598047 0.079861 0.036719 0.043056
0 0.728125 0.169444 0.056250 0.055556
0 0.137500 0.158333 0.039062 0.052778
0 0.413281 0.068056 0.054688 0.044444
0 0.130078 0.059722 0.017969 0.027778
0 0.324609 0.170833 0.092969 0.072222
0 0.077344 0.123611 0.028125 0.036111
0 0.833984 0.054167 0.017969 0.022222
0 0.394922 0.392361 0.161719 0.131944
0 0.029297 0.067361 0.016406 0.023611
0 0.660937 0.068354 0.040625 0.037181
2 0.810187 0.134778 0.047500 0.055278
2 0.700781 0.098750 0.050000 0.052500
