2 0.492969 0.302778 0.073438 0.136111
0 0.812891 0.083333 0.024219 0.033333
0 0.596484 0.131944 0.060156 0.072222
0 0.343359 0.071528 0.052344 0.037500
0 0.255469 0.068750 0.035937 0.031944
0 0.016797 0.224306 0.033594 0.065278
0 0.055469 0.196528 0.031250 0.048611
0 0.087891 0.161806 0.035156 0.051389
0 0.139063 0.288194 0.090625 0.093056
0 0.058984 0.147222 0.025781 0.033333
2 0.665234 0.382639 0.102344 0.173611
2 0.492578 0.303472 0.072656 0.140278
0 0.004687 0.465278 0.009375 0.077778
4 0.719922 0.079861 0.044531 0.065278
