2 0.817578 0.270833 0.114844 0.105556
0 0.151562 0.167361 0.031250 0.045833
0 0.753516 0.076389 0.033594 0.055556
0 0.683203 0.824306 0.239844 0.301389
0 0.148438 0.302778 0.067187 0.091667
2 0.106641 0.065972 0.019531 0.026389
0 0.055469 0.191667 0.037500 0.066667
2 0.194922 0.077778 0.035156 0.047222
2 0.294141 0.102778 0.072656 0.061111
2 0.120313 0.178472 0.053125 0.095833
0 0.051562 0.288194 0.048438 0.090278
0 0.017188 0.155556 0.023438 0.036111
0 0.737891 0.287500 0.102344 0.086111
2 0.930859 0.447917 0.135156 0.140278
