2 0.598437 0.079861 0.037500 0.040278
2 0.701172 0.096528 0.049219 0.056944
0 0.890234 0.095833 0.014844 0.025000
0 0.700000 0.225000 0.087500 0.075000
0 0.532422 0.059722 0.050781 0.044444
0 0.209375 0.065278 0.028125 0.033333
0 0.803906 0.140278 0.039062 0.055556
0 0.208594 0.194444 0.057813 0.063889
0 0.801953 0.057639 0.019531 0.023611
0 0.013672 0.063889 0.024219 0.022222
0 0.091797 0.130556 0.030469 0.047222
0 0.841016 0.054861 0.030469 0.023611
0 0.403125 0.415972 0.168750 0.123611
0 0.869141 0.059028 0.014844 0.018056
0 0.658914 0.068354 0.041406 0.039958
0 0.778000 0.195660 0.065250 0.076153
0 0.413574 0.227556 0.117383 0.084889
