2 0.598047 0.079861 0.038281 0.043056
2 0.700391 0.096528 0.047656 0.054167
0 0.892969 0.095139 0.015625 0.026389
0 0.726953 0.220833 0.078906 0.075000
0 0.519141 0.061806 0.049219 0.045833
0 0.200781 0.064583 0.025000 0.031944
0 0.812891 0.136111 0.036719 0.055556
0 0.233984 0.200694 0.064844 0.062500
0 0.801172 0.056944 0.022656 0.027778
2 0.893359 0.095139 0.016406 0.026389
0 0.377734 0.018056 0.060156 0.036111
0 0.095703 0.138194 0.033594 0.040278
0 0.839453 0.056250 0.028906 0.020833
0 0.316168 0.398514 0.168758 0.102306
0 0.795512 0.189854 0.057883 0.076153
0 0.468203 0.230431 0.112500 0.087750
