0 0.874609 0.113889 0.025781 0.033333
0 0.907422 0.113889 0.019531 0.036111
0 0.696484 0.120833 0.050781 0.061111
0 0.944141 0.111806 0.017969 0.029167
1 0.142969 0.224306 0.231250 0.231944
1 0.018359 0.199306 0.036719 0.123611
0 0.516016 0.128472 0.060156 0.051389
0 0.795312 0.203472 0.043750 0.059722
2 0.785547 0.059722 0.027344 0.027778
2 0.694531 0.059028 0.042188 0.037500
0 0.535547 0.391667 0.121094 0.130556
2 0.564453 0.085417 0.058594 0.051389
0 0.766797 0.050694 0.017969 0.023611
0 0.388672 0.393056 0.146094 0.122222
0 0.080469 0.161806 0.035937 0.051389
