2 0.732812 0.143750 0.009375 0.045833
0 0.132812 0.067361 0.023438 0.037500
0 0.145313 0.090278 0.026562 0.030556
0 0.067187 0.211806 0.037500 0.056944
0 0.405469 0.420139 0.146875 0.154167
0 0.658984 0.083333 0.041406 0.038889
0 0.946484 0.601389 0.105469 0.125000
2 0.442578 0.158333 0.141406 0.141667
0 0.005078 0.197917 0.010156 0.048611
0 0.165625 0.052778 0.020313 0.022222
0 0.101172 0.079861 0.017969 0.026389
0 0.216406 0.112500 0.039062 0.041667
4 0.844531 0.303472 0.167187 0.195833
2 0.192434 0.334090 0.167477 0.215153
4 0.442578 0.159028 0.141406 0.143056
