4 0.069141 0.197917 0.055469 0.112500
2 0.296484 0.082639 0.041406 0.040278
2 0.192578 0.144444 0.044531 0.058333
0 0.503516 0.129861 0.094531 0.076389
4 0.350000 0.100000 0.076563 0.091667
0 0.151953 0.167361 0.039844 0.043056
2 0.286328 0.131250 0.049219 0.048611
0 0.154688 0.218056 0.051562 0.075000
2 0.154688 0.061111 0.023438 0.030556
2 0.598437 0.078472 0.037500 0.043056
2 0.287109 0.131944 0.053906 0.050000
0 0.430469 0.590278 0.176563 0.233333
2 0.701562 0.095833 0.046875 0.052778
0 0.193359 0.081250 0.027344 0.037500
0 0.566797 0.540972 0.186719 0.198611
0 0.733203 0.270833 0.094531 0.058333
2 0.758984 0.341667 0.135156 0.122222
0 0.948047 0.583333 0.100781 0.138889
