0 0.445703 0.068056 0.066406 0.041667
0 0.314844 0.213889 0.089063 0.083333
0 0.592578 0.079861 0.049219 0.045833
0 0.823828 0.723611 0.208594 0.247222
0 0.157422 0.161111 0.042969 0.058333
0 0.208203 0.109722 0.038281 0.047222
0 0.305078 0.084028 0.042969 0.040278
0 0.153516 0.075694 0.024219 0.031944
0 0.311328 0.141667 0.055469 0.052778
0 0.208203 0.110417 0.038281 0.045833
2 0.039844 0.175000 0.032813 0.058333
0 0.605859 0.262500 0.102344 0.083333
0 0.007031 0.140278 0.014063 0.036111
0 0.550781 0.152083 0.078125 0.054167
0 0.139453 0.194444 0.042969 0.058333
0 0.953125 0.445139 0.092188 0.156944
2 0.609766 0.204861 0.116406 0.090278
0 0.837891 0.047222 0.017969 0.022222
7 0.164453 0.327083 0.222656 0.245833
2 0.007031 0.197917 0.014063 0.051389
