0 0.755859 0.106944 0.035156 0.041667
0 0.504297 0.221528 0.067969 0.118056
0 0.245312 0.071528 0.032813 0.031944
0 0.189062 0.062500 0.029687 0.030556
0 0.017188 0.224306 0.034375 0.065278
0 0.056250 0.197222 0.032813 0.052778
0 0.100000 0.170139 0.035937 0.051389
0 0.071484 0.156250 0.025781 0.037500
2 0.688672 0.779167 0.252344 0.425000
0 0.107031 0.380556 0.115625 0.122222
0 0.008594 0.138194 0.017188 0.031944
0 0.993359 0.102083 0.011719 0.037500
0 0.367578 0.181250 0.049219 0.084722
4 0.684766 0.088194 0.053906 0.070833
