0 0.523828 0.180556 0.085156 0.075000
0 0.047656 0.190278 0.031250 0.041667
0 0.053125 0.140972 0.023438 0.029167
2 0.950000 0.330556 0.100000 0.066667
0 0.139844 0.154861 0.037500 0.051389
0 0.250391 0.093750 0.041406 0.040278
0 0.368750 0.150694 0.078125 0.073611
2 0.119922 0.183333 0.049219 0.072222
0 0.569531 0.157639 0.071875 0.062500
0 0.206641 0.068056 0.028906 0.030556
0 0.448047 0.439583 0.160156 0.179167
2 0.481250 0.634028 0.250000 0.309722
0 0.253516 0.200694 0.069531 0.073611
0 0.591797 0.077778 0.050781 0.050000
2 0.041016 0.275694 0.057031 0.143056
