0 0.147656 0.167361 0.040625 0.045833
2 0.189062 0.140972 0.046875 0.059722
0 0.903125 0.768750 0.190625 0.254167
2 0.599609 0.072917 0.038281 0.043056
2 0.144922 0.088889 0.028906 0.033333
2 0.702734 0.095833 0.047656 0.047222
0 0.275781 0.072917 0.050000 0.051389
2 0.317578 0.140278 0.071094 0.063889
0 0.776953 0.474306 0.152344 0.145833
0 0.140625 0.293750 0.070312 0.106944
0 0.514453 0.063889 0.036719 0.033333
0 0.644531 0.281250 0.118750 0.109722
0 0.849609 0.303472 0.094531 0.081944
4 0.178906 0.066667 0.037500 0.058333
4 0.657422 0.201389 0.175781 0.172222
4 0.321875 0.427778 0.207813 0.322222
