4 0.009766 0.131944 0.019531 0.061111
2 0.680859 0.205556 0.105469 0.088889
0 0.151172 0.170833 0.036719 0.044444
2 0.820703 0.381944 0.130469 0.116667
2 0.303906 0.081250 0.054688 0.048611
0 0.556250 0.672222 0.243750 0.336111
2 0.148047 0.061111 0.021094 0.027778
2 0.245312 0.114583 0.043750 0.048611
0 0.128906 0.290278 0.062500 0.083333
0 0.050391 0.193056 0.032031 0.050000
2 0.711719 0.093750 0.043750 0.051389
0 0.475391 0.157639 0.069531 0.065278
0 0.071094 0.157639 0.032813 0.043056
0 0.089453 0.061806 0.019531 0.029167
