0 0.906641 0.106944 0.017969 0.027778
0 0.105078 0.181250 0.036719 0.056944
0 0.694141 0.122222 0.052344 0.063889
1 0.024609 0.293750 0.049219 0.159722
1 0.017969 0.181250 0.035937 0.084722
0 0.344141 0.193056 0.085156 0.072222
0 0.852734 0.155556 0.030469 0.044444
2 0.757422 0.062500 0.033594 0.036111
2 0.650391 0.066667 0.047656 0.041667
0 0.730859 0.243056 0.063281 0.080556
2 0.475391 0.111806 0.075781 0.062500
0 0.005469 0.548611 0.010937 0.072222
0 0.079687 0.161806 0.034375 0.054167
0 0.648047 0.229167 0.075781 0.075000
