2 0.785547 0.254167 0.113281 0.102778
0 0.154297 0.168750 0.024219 0.045833
0 0.751172 0.077083 0.033594 0.056944
0 0.775391 0.871528 0.239844 0.251389
0 0.164062 0.320139 0.073438 0.101389
2 0.103125 0.065972 0.018750 0.026389
0 0.060156 0.196528 0.040625 0.068056
2 0.186719 0.077083 0.034375 0.045833
2 0.127734 0.183333 0.055469 0.100000
0 0.062109 0.305556 0.050781 0.097222
0 0.017578 0.158333 0.025781 0.038889
0 0.698828 0.266667 0.102344 0.080556
2 0.883984 0.418056 0.132031 0.136111
0 0.006641 0.138194 0.013281 0.029167
