2 0.702734 0.122222 0.049219 0.055556
0 0.207813 0.252083 0.090625 0.098611
0 0.342969 0.156944 0.078125 0.072222
0 0.758203 0.082639 0.030469 0.037500
2 0.177344 0.068750 0.034375 0.034722
0 0.288672 0.071528 0.046094 0.037500
0 0.666797 0.065972 0.036719 0.031944
2 0.710547 0.056944 0.032031 0.033333
0 0.099609 0.177083 0.035156 0.051389
0 0.562891 0.084028 0.032031 0.040278
0 0.444141 0.445833 0.147656 0.155556
0 0.722656 0.088889 0.032813 0.036111
0 0.993359 0.099306 0.011719 0.045833
0 0.051953 0.646528 0.103906 0.154167
5 0.612500 0.086111 0.090625 0.075000
