0 0.079687 0.161806 0.032813 0.051389
0 0.863672 0.111111 0.021094 0.027778
0 0.105859 0.181944 0.035156 0.055556
0 0.687891 0.125694 0.052344 0.065278
0 0.712891 0.061806 0.024219 0.026389
1 0.019141 0.199306 0.038281 0.123611
0 0.922656 0.105556 0.017188 0.027778
2 0.521484 0.113194 0.077344 0.084722
0 0.894141 0.120833 0.022656 0.036111
2 0.038672 0.319444 0.077344 0.105556
0 0.031641 0.521528 0.063281 0.104167
0 0.784766 0.151389 0.039844 0.055556
0 0.267969 0.222917 0.090625 0.076389
2 0.643359 0.068056 0.047656 0.041667
