2 0.661719 0.140972 0.057813 0.068056
0 0.755078 0.082639 0.030469 0.037500
0 0.497656 0.104167 0.064062 0.058333
2 0.619141 0.070833 0.053906 0.041667
0 0.101562 0.177083 0.034375 0.051389
0 0.113672 0.065972 0.019531 0.026389
0 0.851953 0.151389 0.032031 0.047222
0 0.720703 0.090278 0.035156 0.041667
0 0.679297 0.307639 0.085156 0.087500
0 0.822266 0.056250 0.017969 0.018056
0 0.791406 0.059028 0.020313 0.023611
0 0.466016 0.068056 0.060156 0.030556
0 0.876953 0.066667 0.014844 0.019444
2 0.101562 0.575000 0.193750 0.211111
0 0.731250 0.188194 0.054688 0.056944
5 0.181250 0.266667 0.204687 0.169444
6 0.692805 0.060139 0.018734 0.036111
2 0.584219 0.105556 0.099688 0.063889
