0 0.376172 0.533333 0.161719 0.194444
0 0.644531 0.086111 0.042188 0.044444
0 0.879687 0.555556 0.164062 0.155556
2 0.314844 0.092361 0.073438 0.087500
0 0.238281 0.076389 0.029687 0.030556
0 0.494531 0.450000 0.164062 0.238889
0 0.448828 0.123611 0.064844 0.050000
2 0.872266 0.180556 0.039844 0.063889
0 0.096484 0.072917 0.030469 0.037500
2 0.404375 0.177083 0.154063 0.123611
4 0.314844 0.093056 0.073438 0.086111
4 0.616016 0.187500 0.157031 0.155556
2 0.088672 0.227083 0.055469 0.087500
4 0.175781 0.084028 0.050000 0.073611
