0 0.367188 0.395139 0.146875 0.162500
0 0.079687 0.162500 0.032813 0.050000
0 0.123047 0.308333 0.102344 0.102778
0 0.678516 0.210417 0.066406 0.070833
0 0.006250 0.345139 0.010937 0.062500
0 0.772266 0.217361 0.057031 0.076389
0 0.105859 0.181944 0.036719 0.058333
0 0.699219 0.119444 0.051562 0.061111
0 0.294922 0.177083 0.078906 0.073611
0 0.887891 0.168056 0.030469 0.052778
0 0.489844 0.135417 0.070312 0.056944
0 0.917578 0.138889 0.021094 0.038889
0 0.862891 0.146528 0.030469 0.045833
1 0.572656 0.067361 0.115625 0.090278
1 0.018750 0.200000 0.037500 0.122222
0 0.712109 0.074306 0.032031 0.031944
0 0.028125 0.840972 0.056250 0.159722
