0 0.151172 0.170139 0.039844 0.048611
2 0.598047 0.078472 0.038281 0.040278
2 0.701953 0.096528 0.047656 0.051389
0 0.148438 0.124306 0.029687 0.037500
0 0.524609 0.350694 0.138281 0.118056
0 0.175391 0.059722 0.022656 0.030556
0 0.659766 0.075694 0.038281 0.045833
0 0.082422 0.125694 0.021094 0.037500
0 0.187500 0.256944 0.064062 0.083333
0 0.710547 0.071528 0.032031 0.031944
2 0.602734 0.200000 0.113281 0.108333
0 0.910547 0.574306 0.132031 0.156944
0 0.801172 0.051389 0.017969 0.016667
0 0.139844 0.072917 0.021875 0.031944
4 0.436328 0.155556 0.138281 0.138889
