0 0.685547 0.211806 0.089844 0.076389
2 0.692578 0.622917 0.255469 0.295833
0 0.138281 0.059028 0.020313 0.023611
0 0.591797 0.078472 0.050781 0.048611
0 0.539453 0.060417 0.053906 0.034722
0 0.380469 0.134028 0.062500 0.054167
0 0.851953 0.411111 0.122656 0.108333
0 0.547266 0.236111 0.102344 0.088889
2 0.008984 0.138889 0.017969 0.038889
0 0.132812 0.199306 0.043750 0.059722
0 0.155469 0.163194 0.040625 0.054167
2 0.332422 0.088611 0.135156 0.068889
2 0.183422 0.096403 0.042187 0.051389
0 0.314453 0.213194 0.088281 0.084722
0 0.089453 0.063889 0.014844 0.022222
7 0.042969 0.186111 0.076563 0.102778
