2 0.648047 0.150000 0.060156 0.066667
0 0.754297 0.084722 0.030469 0.033333
0 0.265234 0.184028 0.086719 0.084722
2 0.476172 0.113194 0.083594 0.062500
0 0.101562 0.177778 0.034375 0.050000
0 0.073438 0.062500 0.012500 0.019444
0 0.899609 0.116667 0.021094 0.033333
0 0.717578 0.093056 0.039844 0.041667
0 0.838672 0.176389 0.035156 0.047222
0 0.809766 0.056944 0.019531 0.025000
0 0.768359 0.063889 0.024219 0.025000
0 0.295312 0.075000 0.048438 0.030556
0 0.848828 0.075694 0.019531 0.026389
2 0.648047 0.217361 0.088281 0.093056
2 0.526172 0.396528 0.150781 0.151389
2 0.370000 0.192361 0.171250 0.095833
0 0.830859 0.128472 0.030469 0.040278
6 0.631258 0.069569 0.019547 0.043472
