0 0.078906 0.161806 0.032813 0.054167
0 0.852734 0.115972 0.022656 0.029167
0 0.105469 0.181944 0.035937 0.055556
0 0.689453 0.124306 0.052344 0.065278
1 0.018750 0.199306 0.037500 0.123611
2 0.024609 0.361806 0.049219 0.093056
0 0.918750 0.109028 0.017188 0.029167
2 0.568359 0.100000 0.067969 0.075000
0 0.885547 0.127083 0.022656 0.037500
2 0.090625 0.286806 0.110937 0.115278
0 0.029297 0.522917 0.058594 0.095833
0 0.755078 0.167361 0.047656 0.059722
0 0.346875 0.189583 0.087500 0.073611
2 0.660156 0.065972 0.045312 0.040278
