0 0.687891 0.200694 0.064844 0.087500
0 0.078516 0.161806 0.032031 0.054167
0 0.790625 0.147917 0.037500 0.045833
0 0.852734 0.154861 0.032031 0.051389
0 0.104688 0.181944 0.037500 0.058333
0 0.699609 0.119444 0.050781 0.061111
0 0.025000 0.323611 0.050000 0.086111
0 0.917578 0.138194 0.021094 0.037500
0 0.241016 0.237500 0.097656 0.083333
0 0.900391 0.118056 0.022656 0.033333
1 0.453125 0.097917 0.160938 0.123611
1 0.018750 0.200000 0.037500 0.122222
0 0.665234 0.084028 0.041406 0.037500
0 0.486328 0.447222 0.149219 0.144444
