0 0.815234 0.134722 0.033594 0.041667
0 0.871484 0.141667 0.027344 0.044444
0 0.104297 0.181944 0.036719 0.058333
0 0.699609 0.118750 0.050781 0.062500
0 0.926172 0.131250 0.019531 0.029167
0 0.109375 0.311806 0.104688 0.106944
0 0.909766 0.112500 0.019531 0.030556
1 0.390625 0.116667 0.182812 0.147222
1 0.018750 0.200000 0.037500 0.122222
0 0.638672 0.091667 0.044531 0.038889
0 0.608984 0.350694 0.105469 0.106944
2 0.807031 0.057639 0.025000 0.023611
2 0.648047 0.063194 0.042969 0.043056
0 0.078906 0.161806 0.032813 0.054167
