2 0.621094 0.109028 0.010937 0.045833
0 0.105469 0.078472 0.021875 0.029167
0 0.128906 0.279167 0.057813 0.080556
0 0.648828 0.086806 0.041406 0.040278
0 0.933203 0.596528 0.132031 0.148611
0 0.341797 0.093056 0.046094 0.041667
0 0.182812 0.226389 0.064062 0.100000
0 0.681641 0.208333 0.088281 0.063889
0 0.075391 0.075000 0.013281 0.019444
0 0.151562 0.093056 0.028125 0.030556
4 0.280078 0.107639 0.078906 0.093056
2 0.485664 0.626944 0.472891 0.505278
4 0.538672 0.158333 0.125781 0.133333
2 0.743086 0.350417 0.251797 0.228611
