0 0.279297 0.468056 0.160156 0.144444
0 0.079687 0.161806 0.034375 0.051389
0 0.863672 0.117361 0.027344 0.034722
0 0.901172 0.118056 0.021094 0.036111
0 0.106641 0.168056 0.032031 0.036111
0 0.697266 0.120833 0.050781 0.058333
0 0.926562 0.102083 0.015625 0.026389
1 0.196484 0.191667 0.225781 0.208333
0 0.547656 0.118750 0.056250 0.048611
0 0.771484 0.222222 0.052344 0.066667
2 0.791016 0.056944 0.024219 0.030556
2 0.705859 0.058333 0.039844 0.036111
0 0.444141 0.462500 0.149219 0.155556
2 0.584766 0.079861 0.053906 0.048611
