0 0.920703 0.106944 0.014844 0.025000
0 0.106250 0.181944 0.035937 0.055556
0 0.688281 0.125694 0.053125 0.065278
0 0.716797 0.061111 0.019531 0.025000
1 0.019141 0.199306 0.038281 0.126389
0 0.920312 0.106250 0.017188 0.029167
2 0.540625 0.108333 0.073438 0.080556
2 0.446875 0.120139 0.085938 0.068056
0 0.890234 0.123611 0.022656 0.036111
2 0.053125 0.311111 0.106250 0.116667
0 0.030859 0.522917 0.061719 0.101389
0 0.773047 0.158333 0.042969 0.058333
0 0.300781 0.208333 0.092188 0.080556
2 0.650000 0.065972 0.045312 0.043056
0 0.080078 0.162500 0.033594 0.055556
0 0.858203 0.114583 0.022656 0.029167
