0 0.151562 0.168750 0.039062 0.051389
2 0.135547 0.088194 0.022656 0.034722
2 0.598047 0.077083 0.036719 0.040278
2 0.701953 0.095139 0.047656 0.054167
0 0.150781 0.126389 0.026562 0.030556
0 0.457422 0.327083 0.130469 0.109722
0 0.183984 0.065278 0.024219 0.030556
0 0.081250 0.126389 0.020313 0.038889
0 0.615625 0.586111 0.200000 0.225000
2 0.349219 0.111111 0.067187 0.063889
0 0.868359 0.538194 0.155469 0.151389
0 0.163281 0.056944 0.020313 0.025000
0 0.789453 0.268750 0.091406 0.079167
0 0.422266 0.070833 0.052344 0.038889
4 0.266016 0.100694 0.075781 0.095833
0 0.659766 0.069931 0.038281 0.037083
0 0.753125 0.349278 0.130469 0.109722
