0 0.752344 0.083333 0.028125 0.036111
2 0.191797 0.225694 0.116406 0.109722
0 0.101562 0.177778 0.034375 0.050000
0 0.705078 0.094444 0.041406 0.044444
0 0.897266 0.127778 0.021094 0.030556
0 0.786328 0.060417 0.022656 0.026389
0 0.811328 0.086806 0.027344 0.031944
0 0.196094 0.069444 0.029687 0.027778
0 0.873828 0.067361 0.016406 0.020833
2 0.814063 0.133333 0.039062 0.047222
2 0.620313 0.179167 0.056250 0.083333
0 0.308984 0.069444 0.046094 0.033333
6 0.535887 0.095632 0.027758 0.049319
0 0.880078 0.102083 0.021094 0.029167
