2 0.705859 0.121528 0.050781 0.056944
0 0.257812 0.227778 0.087500 0.091667
0 0.376953 0.143056 0.075781 0.069444
0 0.758984 0.081944 0.028906 0.033333
2 0.187109 0.068750 0.035156 0.034722
0 0.669922 0.061111 0.036719 0.030556
2 0.710938 0.058333 0.031250 0.030556
0 0.098437 0.176389 0.034375 0.050000
0 0.572266 0.082639 0.028906 0.037500
0 0.382812 0.494444 0.164062 0.172222
0 0.826172 0.056250 0.016406 0.018056
0 0.722266 0.090278 0.033594 0.038889
5 0.623828 0.082639 0.088281 0.073611
0 0.023438 0.671528 0.046875 0.123611
0 0.307133 0.070139 0.048438 0.037500
