0 0.437109 0.361806 0.133594 0.112500
0 0.080469 0.161806 0.034375 0.051389
0 0.879297 0.112500 0.024219 0.030556
0 0.909766 0.113889 0.017969 0.030556
0 0.696484 0.120833 0.050781 0.061111
0 0.944922 0.110417 0.016406 0.026389
1 0.116797 0.239583 0.233594 0.234722
1 0.018359 0.182639 0.036719 0.090278
0 0.498828 0.134028 0.064844 0.056944
0 0.805078 0.195139 0.044531 0.059722
2 0.783203 0.059028 0.027344 0.031944
2 0.689453 0.059722 0.041406 0.036111
0 0.573828 0.364583 0.110156 0.123611
2 0.555859 0.087500 0.061719 0.052778
0 0.764453 0.050694 0.019531 0.023611
