0 0.900391 0.108333 0.022656 0.030556
0 0.694922 0.122222 0.052344 0.063889
1 0.050781 0.268750 0.101562 0.162500
1 0.017578 0.181944 0.035156 0.083333
0 0.392969 0.173611 0.082812 0.069444
0 0.842578 0.163194 0.032031 0.048611
2 0.766016 0.061111 0.033594 0.036111
2 0.662109 0.064583 0.047656 0.043056
0 0.700391 0.265972 0.072656 0.090278
2 0.501953 0.104861 0.077344 0.062500
0 0.093359 0.172917 0.061719 0.073611
0 0.003906 0.556944 0.007812 0.075000
0 0.080078 0.161806 0.033594 0.051389
0 0.605469 0.254861 0.087500 0.084722
