2 0.652734 0.109722 0.053906 0.058333
0 0.284766 0.176389 0.092969 0.086111
0 0.795703 0.056944 0.021094 0.025000
2 0.377734 0.017361 0.060156 0.034722
0 0.710547 0.093750 0.044531 0.043056
0 0.630859 0.053472 0.036719 0.029167
0 0.573828 0.056250 0.044531 0.034722
2 0.878125 0.129167 0.042188 0.050000
2 0.831641 0.186111 0.046094 0.066667
0 0.017188 0.223611 0.034375 0.075000
0 0.766797 0.164583 0.041406 0.051389
0 0.834766 0.052083 0.021094 0.023611
2 0.495312 0.129861 0.082812 0.070833
0 0.010156 0.543750 0.020313 0.106944
