0 0.076953 0.161111 0.033594 0.055556
0 0.877734 0.100694 0.017969 0.026389
0 0.101562 0.181250 0.037500 0.059722
0 0.685547 0.125694 0.053906 0.065278
0 0.697266 0.060417 0.032031 0.031944
1 0.017578 0.193750 0.035156 0.134722
0 0.932422 0.101389 0.013281 0.022222
2 0.428906 0.141667 0.096875 0.102778
2 0.358984 0.145833 0.091406 0.077778
0 0.906641 0.110417 0.017969 0.029167
0 0.033984 0.515972 0.067969 0.106944
0 0.819922 0.131944 0.032031 0.044444
0 0.129688 0.297917 0.100000 0.098611
2 0.615234 0.070139 0.053906 0.048611
