0 0.768359 0.052778 0.022656 0.022222
0 0.430078 0.143056 0.066406 0.061111
0 0.010547 0.141667 0.021094 0.038889
0 0.851172 0.696528 0.157031 0.190278
0 0.685547 0.301389 0.117969 0.105556
0 0.314844 0.213889 0.087500 0.080556
0 0.592578 0.079167 0.047656 0.044444
0 0.158594 0.165972 0.040625 0.054167
0 0.076953 0.159722 0.030469 0.044444
0 0.392188 0.070139 0.064062 0.037500
0 0.163281 0.061111 0.021875 0.027778
2 0.157031 0.299306 0.084375 0.120833
0 0.034766 0.180556 0.028906 0.044444
0 0.351562 0.146528 0.078125 0.073611
7 0.684664 0.763194 0.602078 0.462500
