0 0.977344 0.846528 0.043750 0.134722
1 0.305859 0.670833 0.428906 0.647222
0 0.146094 0.165972 0.039062 0.051389
0 0.194531 0.339583 0.087500 0.101389
0 0.820703 0.066667 0.024219 0.027778
0 0.171875 0.227083 0.054688 0.081944
0 0.063281 0.202778 0.035937 0.058333
0 0.022266 0.160417 0.022656 0.037500
2 0.307812 0.104167 0.059375 0.055556
2 0.307422 0.104167 0.058594 0.055556
2 0.279297 0.079861 0.042969 0.031944
0 0.007422 0.135417 0.014844 0.037500
2 0.686719 0.297917 0.121875 0.106944
2 0.746094 0.270833 0.120313 0.122222
