2 0.509375 0.223611 0.076563 0.111111
0 0.828516 0.076389 0.021094 0.030556
0 0.631250 0.113889 0.054688 0.063889
0 0.392578 0.068750 0.055469 0.037500
0 0.287891 0.069444 0.041406 0.036111
0 0.016797 0.224306 0.033594 0.065278
0 0.055859 0.195833 0.033594 0.052778
0 0.080078 0.156944 0.033594 0.047222
0 0.352344 0.184028 0.081250 0.068056
0 0.052344 0.143750 0.025000 0.029167
2 0.624219 0.263889 0.060937 0.116667
2 0.124609 0.263194 0.107031 0.104167
2 0.509766 0.224306 0.074219 0.109722
0 0.278516 0.306250 0.122656 0.120833
