0 0.878516 0.740972 0.152344 0.231944
1 0.248438 0.626389 0.350000 0.619444
0 0.146094 0.164583 0.039062 0.045833
0 0.166016 0.308333 0.075781 0.086111
0 0.824609 0.064583 0.024219 0.031944
0 0.156250 0.215972 0.051562 0.076389
0 0.058203 0.197222 0.035156 0.052778
0 0.019922 0.158333 0.022656 0.038889
2 0.332031 0.109722 0.065625 0.055556
2 0.332422 0.109722 0.066406 0.055556
2 0.297266 0.085417 0.041406 0.031944
0 0.006641 0.133333 0.013281 0.036111
2 0.751563 0.332639 0.129688 0.115278
2 0.796875 0.300000 0.126562 0.125000
2 0.260547 0.113194 0.058594 0.059722
