2 0.180859 0.137500 0.046094 0.061111
2 0.615234 0.172917 0.103906 0.081944
0 0.148047 0.167361 0.038281 0.048611
0 0.789844 0.052083 0.021875 0.018056
0 0.330078 0.490972 0.146094 0.181944
2 0.212891 0.082639 0.050781 0.045833
0 0.093359 0.232639 0.053906 0.090278
2 0.200391 0.235417 0.085156 0.137500
0 0.157812 0.461806 0.095312 0.173611
0 0.030859 0.174306 0.027344 0.043056
0 0.507812 0.178472 0.079687 0.062500
2 0.639844 0.271528 0.129688 0.109722
0 0.012109 0.145139 0.019531 0.034722
2 0.210547 0.081250 0.047656 0.045833
