0 0.079297 0.161806 0.033594 0.054167
0 0.662500 0.215278 0.071875 0.091667
0 0.779297 0.154167 0.041406 0.050000
0 0.844922 0.160417 0.035156 0.056944
0 0.104688 0.181944 0.035937 0.058333
0 0.699609 0.120139 0.050781 0.059722
0 0.053516 0.304167 0.088281 0.102778
0 0.914453 0.140278 0.022656 0.038889
0 0.285938 0.216667 0.095312 0.080556
0 0.895703 0.122222 0.021094 0.033333
1 0.476562 0.090972 0.154688 0.118056
1 0.018750 0.200000 0.037500 0.125000
0 0.673828 0.081944 0.038281 0.036111
0 0.426172 0.497222 0.169531 0.163889
2 0.810547 0.056944 0.019531 0.022222
