2 0.665234 0.105556 0.053906 0.052778
0 0.697266 0.056944 0.033594 0.033333
0 0.845703 0.050694 0.016406 0.020833
2 0.873047 0.101389 0.025781 0.036111
2 0.129688 0.254167 0.110937 0.111111
0 0.714063 0.091667 0.028125 0.038889
2 0.128906 0.254861 0.112500 0.109722
2 0.400000 0.118750 0.103125 0.109722
0 0.809766 0.056250 0.017969 0.020833
0 0.010156 0.206250 0.020313 0.059722
0 0.635938 0.047222 0.035937 0.033333
2 0.814844 0.243056 0.089063 0.144444
0 0.006250 0.549306 0.012500 0.095833
2 0.436641 0.404097 0.303281 0.274861
