0 0.078906 0.161806 0.031250 0.051389
0 0.079687 0.624306 0.159375 0.179167
0 0.845703 0.122917 0.030469 0.037500
0 0.891797 0.126389 0.022656 0.038889
0 0.105469 0.181944 0.037500 0.058333
0 0.698828 0.120139 0.049219 0.056944
0 0.920703 0.105556 0.017969 0.027778
1 0.280859 0.153472 0.211719 0.181944
1 0.019141 0.200000 0.038281 0.125000
0 0.591016 0.104167 0.049219 0.044444
0 0.722266 0.261806 0.069531 0.079167
2 0.798438 0.057639 0.025000 0.026389
0 0.252734 0.617361 0.183594 0.209722
2 0.612500 0.071528 0.048438 0.045833
