2 0.640234 0.156944 0.058594 0.072222
0 0.753516 0.077083 0.030469 0.048611
2 0.376172 0.148611 0.102344 0.077778
0 0.101562 0.177778 0.034375 0.050000
0 0.911328 0.111111 0.017969 0.027778
0 0.713672 0.092361 0.039844 0.043056
0 0.869141 0.151389 0.027344 0.038889
0 0.801953 0.058333 0.019531 0.022222
0 0.834766 0.080556 0.021094 0.025000
0 0.246875 0.077083 0.034375 0.029167
2 0.740234 0.170139 0.058594 0.068056
2 0.223555 0.259306 0.204922 0.139722
0 0.855469 0.115972 0.025000 0.029167
0 0.132148 0.255625 0.085703 0.099861
6 0.597012 0.076812 0.022820 0.043486
