0 0.733203 0.179167 0.052344 0.058333
0 0.079297 0.161806 0.033594 0.051389
0 0.104688 0.181250 0.037500 0.059722
0 0.694141 0.122222 0.052344 0.063889
0 0.778906 0.052083 0.023438 0.020833
1 0.019141 0.199306 0.038281 0.123611
2 0.484766 0.130556 0.082031 0.075000
0 0.185938 0.268056 0.093750 0.091667
0 0.876953 0.139583 0.027344 0.040278
2 0.615234 0.073611 0.047656 0.047222
0 0.792969 0.196528 0.043750 0.062500
2 0.400391 0.136111 0.089844 0.075000
0 0.011719 0.547222 0.023438 0.100000
0 0.274219 0.467361 0.157812 0.159722
