1 0.608984 0.834722 0.494531 0.313889
0 0.144922 0.164583 0.041406 0.048611
0 0.544141 0.680556 0.227344 0.236111
0 0.801172 0.066667 0.028906 0.038889
0 0.321875 0.342361 0.109375 0.137500
0 0.101562 0.248611 0.048438 0.072222
0 0.034375 0.177083 0.031250 0.045833
2 0.215625 0.082639 0.043750 0.043056
2 0.213281 0.082639 0.040625 0.043056
2 0.162891 0.090278 0.035156 0.044444
0 0.012109 0.143056 0.024219 0.041667
2 0.410156 0.170139 0.082812 0.073611
2 0.496875 0.158333 0.096875 0.086111
2 0.803906 0.302778 0.153125 0.136111
