2 0.664453 0.106250 0.055469 0.054167
0 0.680469 0.059028 0.035937 0.034722
0 0.843359 0.050694 0.016406 0.018056
2 0.879297 0.097222 0.024219 0.038889
2 0.079687 0.283333 0.112500 0.119444
0 0.714063 0.092361 0.029687 0.043056
2 0.079687 0.284722 0.114062 0.119444
2 0.357422 0.133333 0.110156 0.113889
0 0.805859 0.056250 0.021094 0.023611
0 0.011719 0.207639 0.023438 0.059722
0 0.627344 0.051389 0.039062 0.030556
2 0.401562 0.168750 0.087500 0.068056
0 0.006250 0.548611 0.012500 0.097222
2 0.534258 0.333819 0.243984 0.217639
2 0.834766 0.221319 0.078906 0.128750
