0 0.078516 0.161806 0.032031 0.051389
0 0.819141 0.134028 0.032031 0.040278
0 0.874609 0.139583 0.025781 0.045833
0 0.104688 0.181944 0.037500 0.058333
0 0.699609 0.118750 0.050781 0.062500
0 0.927734 0.131250 0.017969 0.029167
0 0.088281 0.327778 0.104688 0.108333
0 0.941797 0.111806 0.016406 0.029167
0 0.911328 0.112500 0.017969 0.030556
1 0.379688 0.118750 0.189062 0.151389
1 0.019141 0.200694 0.038281 0.123611
0 0.634766 0.093056 0.044531 0.038889
0 0.623828 0.338889 0.102344 0.105556
2 0.806641 0.056944 0.022656 0.022222
2 0.644141 0.065972 0.046094 0.043056
