0 0.840234 0.122917 0.024219 0.029167
0 0.078906 0.161806 0.032813 0.054167
0 0.105469 0.181944 0.035937 0.055556
0 0.691016 0.125000 0.052344 0.061111
1 0.019141 0.200694 0.038281 0.123611
2 0.097656 0.308333 0.120313 0.136111
0 0.913672 0.113889 0.016406 0.027778
2 0.607422 0.092361 0.058594 0.059722
2 0.506641 0.104861 0.083594 0.059722
0 0.876172 0.134028 0.025781 0.040278
2 0.162891 0.229861 0.091406 0.070833
0 0.026172 0.525000 0.052344 0.100000
0 0.718750 0.188194 0.056250 0.070833
0 0.414844 0.161806 0.078125 0.062500
