0 0.148438 0.167361 0.039062 0.045833
2 0.188672 0.146528 0.050781 0.051389
2 0.600000 0.073611 0.039062 0.038889
2 0.116797 0.080556 0.021094 0.030556
2 0.703516 0.095833 0.047656 0.047222
0 0.228906 0.065278 0.040625 0.044444
2 0.241797 0.113194 0.047656 0.054167
0 0.717969 0.442361 0.151562 0.140278
0 0.252344 0.400694 0.114062 0.162500
0 0.463281 0.194444 0.092188 0.075000
0 0.719922 0.230556 0.089844 0.069444
0 0.461328 0.195139 0.094531 0.076389
4 0.147266 0.061806 0.035156 0.051389
4 0.669922 0.717361 0.350781 0.529167
4 0.474727 0.130556 0.136953 0.127778
