0 0.203125 0.524306 0.165625 0.159722
0 0.079687 0.161806 0.032813 0.051389
0 0.857422 0.119444 0.027344 0.033333
0 0.898047 0.120833 0.022656 0.038889
0 0.106250 0.181944 0.037500 0.058333
0 0.698047 0.120833 0.049219 0.058333
0 0.908984 0.082639 0.014844 0.026389
1 0.230078 0.175000 0.221094 0.197222
1 0.019141 0.200000 0.038281 0.125000
0 0.565625 0.112500 0.054688 0.047222
0 0.755078 0.236111 0.058594 0.072222
2 0.794531 0.056944 0.025000 0.027778
2 0.709375 0.056944 0.034375 0.033333
0 0.377344 0.516667 0.165625 0.172222
2 0.598047 0.075694 0.052344 0.045833
