0 0.929297 0.102083 0.016406 0.023611
0 0.104688 0.181250 0.037500 0.059722
0 0.694141 0.124306 0.052344 0.062500
0 0.769141 0.053472 0.019531 0.018056
1 0.019141 0.198611 0.038281 0.125000
2 0.420703 0.152778 0.096094 0.086111
0 0.078906 0.332639 0.096875 0.101389
0 0.887109 0.131250 0.024219 0.037500
0 0.818359 0.177083 0.038281 0.056944
2 0.341797 0.150694 0.071094 0.081944
0 0.014453 0.542361 0.028906 0.095833
0 0.431641 0.361111 0.133594 0.127778
0 0.766797 0.162500 0.044531 0.050000
0 0.079687 0.162500 0.034375 0.052778
2 0.710430 0.072806 0.036719 0.041667
