2 0.663281 0.106944 0.050000 0.052778
0 0.688281 0.077083 0.028125 0.031944
0 0.919141 0.100694 0.014844 0.029167
2 0.144531 0.058333 0.020313 0.027778
2 0.890234 0.092361 0.021094 0.031944
2 0.408203 0.128472 0.089844 0.070833
0 0.716797 0.094444 0.030469 0.036111
2 0.811328 0.132639 0.039844 0.056944
2 0.583984 0.069444 0.063281 0.069444
2 0.137500 0.286111 0.123438 0.130556
0 0.836328 0.052778 0.017969 0.022222
0 0.224219 0.205556 0.084375 0.088889
0 0.003906 0.190278 0.007812 0.038889
0 0.005859 0.547917 0.011719 0.095833
2 0.379570 0.687500 0.439297 0.533333
2 0.755859 0.102778 0.044531 0.050000
