0 0.078906 0.161806 0.032813 0.054167
0 0.826953 0.129861 0.027344 0.034722
0 0.944922 0.100000 0.016406 0.022222
0 0.105078 0.181250 0.035156 0.056944
0 0.692578 0.122917 0.052344 0.062500
1 0.019141 0.200694 0.038281 0.123611
0 0.909766 0.116667 0.019531 0.030556
2 0.637891 0.086111 0.053906 0.050000
2 0.530078 0.095833 0.069531 0.055556
0 0.865234 0.141667 0.027344 0.041667
0 0.023438 0.528472 0.046875 0.095833
0 0.676953 0.213194 0.069531 0.079167
0 0.466406 0.141667 0.071875 0.061111
2 0.687109 0.059722 0.041406 0.041667
