0 0.716406 0.270833 0.101562 0.097222
2 0.216406 0.372917 0.117188 0.156944
0 0.719922 0.215972 0.091406 0.062500
2 0.086328 0.161111 0.039844 0.058333
0 0.530078 0.215972 0.108594 0.095833
0 0.268359 0.079861 0.036719 0.031944
0 0.129297 0.151389 0.035156 0.047222
2 0.021094 0.231944 0.042188 0.111111
2 0.758594 0.060417 0.032813 0.037500
0 0.214062 0.087500 0.037500 0.036111
0 0.591797 0.077778 0.050781 0.050000
0 0.221484 0.191667 0.060156 0.075000
0 0.252734 0.298611 0.086719 0.119444
0 0.730469 0.665972 0.196875 0.229167
