2 0.192969 0.143056 0.045312 0.063889
0 0.603516 0.165972 0.108594 0.093056
4 0.447266 0.129167 0.100781 0.111111
4 0.046094 0.174306 0.042188 0.090278
2 0.362500 0.098611 0.064062 0.055556
0 0.151562 0.170139 0.039062 0.048611
2 0.367969 0.161111 0.075000 0.061111
0 0.105469 0.178472 0.035937 0.056944
2 0.177734 0.062500 0.028906 0.036111
2 0.598828 0.079167 0.038281 0.041667
0 0.212500 0.370833 0.089063 0.127778
2 0.702734 0.090278 0.047656 0.063889
0 0.233203 0.089583 0.032031 0.040278
0 0.293359 0.330556 0.103906 0.111111
