2 0.351172 0.093056 0.066406 0.055556
0 0.151172 0.170139 0.036719 0.043056
0 0.319531 0.455556 0.156250 0.219444
2 0.171094 0.062500 0.026562 0.033333
2 0.798828 0.665972 0.271094 0.395833
0 0.088672 0.243750 0.047656 0.070833
2 0.301953 0.131250 0.061719 0.059722
0 0.037500 0.177083 0.028125 0.045833
2 0.716016 0.094444 0.042969 0.044444
0 0.576953 0.198611 0.080469 0.077778
0 0.147266 0.093056 0.024219 0.030556
0 0.052734 0.145139 0.025781 0.031944
4 0.006250 0.125694 0.012500 0.056944
2 0.954297 0.463889 0.089844 0.116667
2 0.190234 0.143750 0.044531 0.056944
