0 0.870703 0.106944 0.021094 0.027778
0 0.078516 0.161111 0.032031 0.052778
0 0.103906 0.181250 0.035937 0.059722
0 0.686719 0.125694 0.053125 0.065278
0 0.708984 0.060417 0.033594 0.029167
1 0.018359 0.195833 0.036719 0.127778
0 0.927734 0.102778 0.014844 0.022222
2 0.480859 0.125694 0.088281 0.090278
2 0.403516 0.132639 0.099219 0.076389
0 0.900391 0.115972 0.021094 0.031944
2 0.012109 0.339583 0.024219 0.076389
0 0.032813 0.518750 0.065625 0.104167
0 0.801953 0.140972 0.036719 0.048611
0 0.206250 0.250694 0.095312 0.090278
2 0.630078 0.068056 0.050781 0.044444
2 0.335156 0.422917 0.192188 0.179167
