2 0.553555 0.159306 0.244609 0.143611
0 0.201172 0.068056 0.030469 0.027778
0 0.624609 0.052778 0.036719 0.027778
2 0.480078 0.165972 0.099219 0.076389
0 0.143750 0.122917 0.026562 0.037500
0 0.772266 0.306944 0.102344 0.091667
0 0.154688 0.164583 0.040625 0.056944
0 0.139844 0.072917 0.021875 0.029167
2 0.177734 0.232639 0.074219 0.095833
0 0.314453 0.213889 0.088281 0.083333
0 0.592578 0.079861 0.047656 0.043056
0 0.061328 0.145139 0.030469 0.040278
0 0.179297 0.098611 0.038281 0.047222
7 0.023828 0.157639 0.047656 0.079167
