0 0.166797 0.094444 0.032031 0.036111
0 0.070312 0.071528 0.018750 0.026389
0 0.248047 0.074306 0.041406 0.034722
0 0.430859 0.069444 0.060156 0.038889
2 0.057031 0.193750 0.040625 0.068056
0 0.455859 0.193750 0.077344 0.065278
0 0.010937 0.148611 0.020313 0.033333
0 0.207813 0.248611 0.064062 0.088889
0 0.758594 0.341667 0.139063 0.125000
2 0.460547 0.145833 0.091406 0.072222
7 0.270313 0.444444 0.367188 0.397222
0 0.592187 0.079167 0.046875 0.044444
0 0.157812 0.165278 0.042188 0.058333
0 0.314453 0.213889 0.089844 0.083333
0 0.099805 0.106944 0.025391 0.041667
