0 0.933984 0.100694 0.019531 0.026389
0 0.105078 0.181944 0.036719 0.055556
0 0.694141 0.122917 0.050781 0.059722
0 0.763672 0.053472 0.025781 0.023611
1 0.019141 0.198611 0.038281 0.125000
2 0.366016 0.175694 0.103906 0.090278
0 0.022266 0.377083 0.044531 0.084722
0 0.894141 0.127083 0.021094 0.031944
0 0.833984 0.165278 0.033594 0.052778
2 0.300391 0.169444 0.069531 0.083333
0 0.016797 0.538889 0.033594 0.097222
0 0.521484 0.304861 0.108594 0.109722
0 0.786719 0.151389 0.039062 0.044444
0 0.079687 0.161806 0.034375 0.054167
2 0.696523 0.073611 0.049141 0.044444
