2 0.645703 0.152778 0.060156 0.069444
0 0.752734 0.086111 0.028906 0.030556
2 0.445703 0.124306 0.089844 0.068056
0 0.101562 0.177778 0.034375 0.050000
0 0.068359 0.061806 0.013281 0.018056
0 0.904297 0.113194 0.019531 0.031944
0 0.716016 0.092361 0.038281 0.040278
0 0.850391 0.167361 0.033594 0.045833
0 0.807422 0.057639 0.017969 0.020833
0 0.276953 0.076389 0.044531 0.025000
0 0.843359 0.077083 0.021094 0.026389
2 0.685547 0.199306 0.078906 0.081944
2 0.581641 0.354861 0.130469 0.134722
0 0.223438 0.203472 0.087500 0.090278
0 0.839453 0.125694 0.027344 0.034722
6 0.620625 0.071014 0.022828 0.043472
2 0.326016 0.205208 0.184844 0.120139
