0 0.080469 0.163194 0.034375 0.054167
0 0.523828 0.295833 0.108594 0.125000
0 0.025391 0.378472 0.050781 0.090278
0 0.726953 0.183333 0.053906 0.058333
0 0.806641 0.190972 0.044531 0.065278
0 0.106641 0.181944 0.036719 0.058333
0 0.698438 0.122222 0.048438 0.058333
0 0.208203 0.215972 0.082031 0.084722
0 0.899609 0.156944 0.027344 0.047222
0 0.423047 0.161111 0.083594 0.069444
0 0.924609 0.131944 0.019531 0.033333
0 0.876172 0.135417 0.022656 0.037500
1 0.539453 0.077778 0.125781 0.100000
1 0.019141 0.199306 0.038281 0.120833
0 0.698047 0.077083 0.036719 0.034722
