0 0.102734 0.179167 0.038281 0.058333
0 0.682813 0.125694 0.054688 0.065278
0 0.684375 0.062500 0.035937 0.033333
1 0.017188 0.195833 0.034375 0.122222
0 0.933984 0.097917 0.014844 0.020833
2 0.365234 0.165278 0.105469 0.116667
2 0.298438 0.167361 0.067187 0.079167
0 0.912891 0.106944 0.017969 0.030556
0 0.035156 0.513889 0.070312 0.108333
0 0.835547 0.122222 0.028906 0.041667
0 0.043359 0.356944 0.086719 0.108333
2 0.596484 0.074306 0.053906 0.048611
2 0.588672 0.262500 0.116406 0.119444
0 0.076172 0.161111 0.030469 0.050000
0 0.884766 0.097222 0.017969 0.025000
