0 0.331250 0.343750 0.112500 0.137500
1 0.082422 0.338889 0.132031 0.263889
0 0.146094 0.165972 0.039062 0.051389
0 0.718359 0.820833 0.257031 0.350000
0 0.078516 0.215278 0.044531 0.050000
0 0.752344 0.051389 0.023438 0.030556
0 0.096875 0.170139 0.037500 0.056944
2 0.443359 0.175694 0.103906 0.093056
0 0.037891 0.171528 0.027344 0.045833
0 0.010937 0.146528 0.021875 0.034722
2 0.544922 0.179167 0.107031 0.088889
2 0.541797 0.177083 0.107031 0.090278
2 0.477734 0.131944 0.074219 0.052778
0 0.986719 0.378472 0.025000 0.070833
