0 0.150781 0.170139 0.037500 0.045833
2 0.598047 0.079167 0.036719 0.041667
2 0.701172 0.097222 0.047656 0.050000
0 0.079687 0.126389 0.021875 0.036111
0 0.584766 0.376389 0.142969 0.125000
0 0.659766 0.076389 0.038281 0.047222
0 0.376172 0.099306 0.049219 0.045833
0 0.042188 0.136111 0.021875 0.036111
0 0.113281 0.253472 0.053125 0.073611
0 0.123047 0.371528 0.089844 0.173611
0 0.709766 0.072222 0.032031 0.033333
2 0.548047 0.229167 0.111719 0.100000
0 0.157812 0.063889 0.020313 0.025000
2 0.779297 0.237500 0.133594 0.141667
0 0.306250 0.108333 0.050000 0.050000
4 0.119531 0.074306 0.035937 0.054167
