0 0.862109 0.735417 0.164844 0.251389
1 0.239453 0.611806 0.338281 0.601389
0 0.146094 0.164583 0.039062 0.043056
0 0.162500 0.304167 0.071875 0.083333
0 0.825391 0.064583 0.024219 0.031944
0 0.154688 0.213889 0.053125 0.077778
0 0.057422 0.195139 0.033594 0.051389
0 0.019922 0.158333 0.022656 0.036111
2 0.335938 0.110417 0.068750 0.056944
2 0.335938 0.110417 0.068750 0.056944
2 0.301953 0.089583 0.044531 0.031944
0 0.006641 0.132639 0.013281 0.037500
2 0.760156 0.338889 0.128125 0.116667
2 0.805078 0.304167 0.124219 0.125000
