0 0.861328 0.118056 0.025781 0.033333
0 0.900391 0.119444 0.022656 0.036111
0 0.104688 0.181250 0.032813 0.054167
0 0.697656 0.120139 0.050000 0.056944
0 0.942187 0.116667 0.018750 0.030556
0 0.926172 0.100694 0.014844 0.026389
1 0.208203 0.186111 0.228906 0.205556
1 0.018750 0.198611 0.037500 0.122222
0 0.555078 0.116667 0.057031 0.050000
0 0.764844 0.227778 0.054688 0.069444
2 0.792969 0.057639 0.026562 0.031944
2 0.706641 0.057639 0.038281 0.034722
0 0.419141 0.483333 0.155469 0.161111
0 0.249609 0.489583 0.163281 0.151389
0 0.079297 0.161806 0.033594 0.051389
