0 0.916797 0.112500 0.016406 0.025000
0 0.105859 0.181944 0.036719 0.055556
0 0.690234 0.124306 0.050781 0.062500
1 0.018750 0.200694 0.037500 0.123611
2 0.047656 0.354167 0.095312 0.133333
0 0.917578 0.109722 0.016406 0.030556
2 0.584766 0.097222 0.064844 0.069444
2 0.483984 0.109722 0.078906 0.061111
0 0.881641 0.130556 0.022656 0.036111
2 0.117188 0.263194 0.109375 0.101389
0 0.028125 0.523611 0.054688 0.100000
0 0.741797 0.175694 0.049219 0.062500
0 0.375000 0.177778 0.084375 0.069444
0 0.078906 0.161806 0.032813 0.054167
0 0.847266 0.119444 0.025781 0.030556
