2 0.575781 0.147917 0.070312 0.073611
0 0.856641 0.063194 0.016406 0.023611
0 0.683203 0.099306 0.049219 0.051389
0 0.498047 0.063889 0.049219 0.036111
0 0.382031 0.067361 0.057813 0.040278
0 0.017188 0.224306 0.034375 0.065278
0 0.055859 0.196528 0.032031 0.048611
0 0.064453 0.147917 0.027344 0.037500
0 0.637500 0.088194 0.043750 0.037500
2 0.266797 0.206250 0.113281 0.123611
0 0.042969 0.136111 0.015625 0.016667
2 0.651563 0.151389 0.060937 0.075000
2 0.562891 0.088194 0.060156 0.045833
0 0.245703 0.334722 0.133594 0.133333
