2 0.654297 0.111806 0.061719 0.056944
0 0.803516 0.056944 0.024219 0.025000
2 0.376953 0.017361 0.058594 0.034722
0 0.705469 0.095139 0.043750 0.043056
0 0.643359 0.084722 0.046094 0.044444
0 0.626172 0.053472 0.038281 0.029167
0 0.573828 0.055556 0.046094 0.038889
0 0.017578 0.225000 0.035156 0.066667
0 0.048438 0.352778 0.096875 0.108333
2 0.757422 0.163889 0.049219 0.061111
2 0.837891 0.050694 0.017969 0.023611
1 0.375781 0.018750 0.056250 0.034722
0 0.069531 0.490278 0.139063 0.172222
0 0.712313 0.059722 0.027344 0.027778
