2 0.601172 0.131250 0.069531 0.070833
0 0.867578 0.061806 0.014844 0.018056
0 0.530078 0.060417 0.049219 0.037500
0 0.425781 0.066667 0.057813 0.041667
0 0.017578 0.225000 0.035156 0.066667
2 0.008594 0.378472 0.017188 0.081944
0 0.055078 0.196528 0.032031 0.048611
0 0.058203 0.144444 0.024219 0.030556
2 0.431250 0.143750 0.093750 0.095833
0 0.032813 0.125694 0.020313 0.023611
2 0.676562 0.132639 0.060937 0.068056
2 0.658984 0.067361 0.042969 0.037500
0 0.235547 0.344444 0.136719 0.136111
0 0.696875 0.093958 0.045312 0.048194
