0 0.151172 0.170833 0.036719 0.044444
2 0.865234 0.409722 0.132031 0.122222
0 0.118750 0.063194 0.023438 0.029167
2 0.311719 0.084028 0.056250 0.048611
2 0.153906 0.062500 0.023438 0.027778
2 0.258594 0.118056 0.045312 0.055556
2 0.990625 0.806944 0.017188 0.269444
0 0.114844 0.275000 0.054688 0.077778
0 0.046094 0.187500 0.029687 0.050000
2 0.711719 0.093056 0.039062 0.050000
0 0.502734 0.168056 0.071094 0.066667
0 0.065625 0.152778 0.029687 0.038889
0 0.773047 0.050000 0.019531 0.019444
4 0.008984 0.127514 0.017969 0.061111
2 0.710547 0.220139 0.110156 0.093056
