0 0.762109 0.163194 0.044531 0.051389
0 0.830859 0.170833 0.036719 0.058333
0 0.105859 0.181944 0.036719 0.058333
0 0.699219 0.119444 0.051562 0.061111
0 0.116797 0.264583 0.086719 0.098611
0 0.910547 0.146528 0.024219 0.040278
0 0.344922 0.191667 0.091406 0.077778
0 0.930859 0.127083 0.016406 0.026389
0 0.888672 0.126389 0.021094 0.036111
1 0.502734 0.084722 0.144531 0.111111
1 0.019141 0.200000 0.038281 0.125000
0 0.683984 0.080556 0.036719 0.036111
0 0.328125 0.576389 0.190625 0.191667
2 0.813672 0.056250 0.019531 0.020833
0 0.079687 0.161806 0.032813 0.054167
