2 0.598828 0.079167 0.039844 0.041667
2 0.700781 0.097917 0.048438 0.054167
0 0.873828 0.102778 0.019531 0.030556
0 0.573047 0.231250 0.102344 0.079167
0 0.578906 0.053472 0.043750 0.037500
0 0.247266 0.068750 0.025781 0.034722
0 0.762891 0.156250 0.057031 0.059722
0 0.154297 0.172222 0.041406 0.052778
0 0.805859 0.056944 0.019531 0.027778
0 0.077734 0.124306 0.027344 0.037500
0 0.845703 0.056250 0.024219 0.020833
0 0.735938 0.507639 0.176563 0.143056
0 0.263180 0.211590 0.085609 0.076153
0 0.709922 0.210146 0.085609 0.076153
