0 0.112109 0.079861 0.022656 0.026389
0 0.112109 0.261111 0.052344 0.075000
0 0.650391 0.085417 0.042969 0.043056
0 0.936328 0.597917 0.125781 0.143056
0 0.930078 0.824306 0.136719 0.215278
0 0.162109 0.211111 0.057031 0.091667
0 0.368750 0.097917 0.043750 0.043056
0 0.726562 0.233333 0.090625 0.072222
0 0.080469 0.075000 0.014063 0.022222
0 0.161719 0.094444 0.029687 0.033333
2 0.403945 0.542431 0.392266 0.432083
4 0.303516 0.114583 0.096094 0.101389
4 0.588672 0.176389 0.135156 0.150000
2 0.867609 0.225000 0.050781 0.080556
2 0.801613 0.381896 0.266773 0.215375
