0 0.313281 0.213194 0.087500 0.081944
0 0.592187 0.079167 0.048438 0.044444
0 0.101172 0.065278 0.019531 0.025000
2 0.722266 0.939583 0.208594 0.118056
0 0.154688 0.164583 0.039062 0.054167
2 0.876953 0.712500 0.242969 0.294444
0 0.242969 0.075694 0.034375 0.034722
0 0.340234 0.115278 0.072656 0.058333
0 0.197656 0.345139 0.085938 0.095833
0 0.144531 0.211111 0.046875 0.061111
0 0.041406 0.278472 0.043750 0.076389
0 0.386719 0.161806 0.084375 0.076389
2 0.674609 0.077083 0.049219 0.045833
0 0.680859 0.295833 0.125781 0.111111
0 0.072656 0.155556 0.029687 0.044444
