0 0.842578 0.122222 0.025781 0.030556
0 0.078906 0.161806 0.032813 0.054167
0 0.105859 0.181944 0.036719 0.055556
0 0.691016 0.123611 0.052344 0.063889
1 0.019141 0.200694 0.038281 0.123611
2 0.077344 0.320833 0.123438 0.136111
0 0.915234 0.112500 0.017969 0.030556
2 0.600391 0.094444 0.061719 0.061111
2 0.498828 0.106250 0.080469 0.059722
0 0.878516 0.132639 0.024219 0.037500
2 0.147656 0.242361 0.098437 0.087500
0 0.026562 0.525694 0.053125 0.098611
0 0.726953 0.185417 0.055469 0.068056
0 0.401953 0.167361 0.083594 0.068056
2 0.671875 0.063889 0.043750 0.038889
