0 0.774609 0.156250 0.041406 0.048611
0 0.841016 0.164583 0.033594 0.056944
0 0.104688 0.181944 0.035937 0.058333
0 0.699609 0.119444 0.050781 0.061111
0 0.071094 0.292361 0.089063 0.104167
0 0.913672 0.141667 0.024219 0.041667
0 0.303125 0.209028 0.092188 0.079167
0 0.893359 0.123611 0.021094 0.033333
1 0.483203 0.089583 0.149219 0.118056
1 0.018750 0.200000 0.037500 0.125000
0 0.676562 0.081944 0.039062 0.036111
0 0.399219 0.517361 0.175000 0.170833
2 0.810547 0.056250 0.019531 0.023611
0 0.079297 0.161806 0.033594 0.054167
0 0.650000 0.221528 0.076563 0.093056
