0 0.263672 0.072222 0.030469 0.033333
2 0.728906 0.139583 0.009375 0.043056
0 0.126172 0.067361 0.024219 0.034722
0 0.136719 0.088194 0.023438 0.029167
0 0.075000 0.221528 0.040625 0.059722
0 0.504687 0.496528 0.182812 0.190278
0 0.657422 0.083333 0.041406 0.041667
0 0.944922 0.600694 0.108594 0.129167
2 0.404297 0.143750 0.127344 0.131944
0 0.116406 0.177778 0.043750 0.072222
0 0.476172 0.123611 0.024219 0.044444
0 0.884766 0.318750 0.078906 0.084722
0 0.094531 0.079861 0.018750 0.026389
0 0.201953 0.107639 0.035156 0.040278
2 0.881641 0.248611 0.072656 0.086111
2 0.224508 0.366431 0.215047 0.252417
4 0.403906 0.144444 0.128125 0.130556
4 0.775000 0.265278 0.157812 0.188889
