0 0.078516 0.071528 0.014844 0.026389
0 0.296094 0.452778 0.128125 0.158333
0 0.644531 0.086111 0.040625 0.041667
0 0.894141 0.565972 0.161719 0.156944
2 0.345313 0.099306 0.084375 0.093056
0 0.397656 0.379861 0.137500 0.198611
0 0.247656 0.077083 0.032813 0.029167
0 0.484766 0.134028 0.067969 0.054167
2 0.187109 0.084722 0.052344 0.069444
2 0.869141 0.185417 0.036719 0.068056
0 0.107813 0.072917 0.025000 0.037500
2 0.452617 0.195139 0.172422 0.131944
4 0.344922 0.100694 0.083594 0.093056
2 0.075391 0.212500 0.050781 0.080556
4 0.186719 0.084722 0.051562 0.069444
