2 0.661328 0.107639 0.046094 0.051389
2 0.137500 0.058333 0.020313 0.025000
2 0.894922 0.091667 0.017969 0.027778
2 0.373437 0.140278 0.095312 0.077778
0 0.716016 0.093056 0.028906 0.038889
2 0.564453 0.073611 0.067969 0.075000
2 0.071094 0.319444 0.123438 0.158333
0 0.833203 0.054167 0.017969 0.022222
0 0.180469 0.227778 0.095312 0.100000
0 0.004687 0.191667 0.009375 0.041667
0 0.006250 0.547917 0.012500 0.095833
2 0.495312 0.571736 0.356250 0.443472
4 0.778516 0.072222 0.035156 0.038889
2 0.753516 0.103472 0.042969 0.048611
