4 0.012109 0.136111 0.024219 0.063889
2 0.630078 0.184028 0.100781 0.081944
0 0.151172 0.170833 0.038281 0.047222
2 0.746094 0.336806 0.129688 0.109722
2 0.137891 0.060417 0.019531 0.029167
2 0.276953 0.077083 0.047656 0.048611
2 0.598047 0.078472 0.036719 0.040278
2 0.137109 0.059028 0.019531 0.029167
0 0.158594 0.323611 0.071875 0.097222
0 0.058594 0.202778 0.034375 0.058333
2 0.710547 0.095139 0.042969 0.051389
0 0.431641 0.142361 0.064844 0.062500
0 0.083594 0.166667 0.032813 0.044444
0 0.084375 0.062500 0.018750 0.027778
