0 0.104297 0.181250 0.036719 0.059722
0 0.686719 0.125694 0.051562 0.065278
0 0.709766 0.061806 0.033594 0.029167
1 0.018359 0.196528 0.036719 0.126389
0 0.926953 0.104167 0.014844 0.022222
2 0.487500 0.124306 0.085938 0.090278
2 0.407422 0.131250 0.097656 0.076389
0 0.899609 0.116667 0.021094 0.033333
2 0.015625 0.334722 0.031250 0.075000
0 0.032813 0.519444 0.065625 0.105556
0 0.799609 0.142361 0.038281 0.051389
0 0.216016 0.247917 0.094531 0.084722
2 0.632422 0.068056 0.050781 0.044444
2 0.316016 0.436806 0.194531 0.184722
0 0.078516 0.161806 0.033594 0.054167
0 0.869141 0.106944 0.019531 0.027778
