0 0.313281 0.212500 0.087500 0.080556
0 0.592578 0.079167 0.047656 0.044444
0 0.108203 0.065278 0.019531 0.025000
2 0.582812 0.854167 0.334375 0.280556
0 0.155078 0.164583 0.039844 0.054167
2 0.744141 0.631250 0.258594 0.304167
0 0.258203 0.074306 0.036719 0.037500
0 0.370312 0.123611 0.076563 0.063889
0 0.171875 0.320139 0.073438 0.087500
0 0.132422 0.200000 0.042969 0.058333
0 0.033984 0.264583 0.039844 0.068056
0 0.421484 0.174306 0.089844 0.081944
2 0.676172 0.076389 0.050781 0.047222
0 0.737500 0.329167 0.125000 0.116667
0 0.066406 0.150000 0.029687 0.038889
