0 0.102734 0.179167 0.038281 0.058333
0 0.681250 0.126389 0.054688 0.066667
0 0.676172 0.064583 0.036719 0.031944
1 0.017188 0.196528 0.034375 0.123611
0 0.935547 0.097917 0.014844 0.018056
2 0.319922 0.183333 0.116406 0.122222
2 0.267969 0.177083 0.064062 0.084722
0 0.914453 0.105556 0.016406 0.027778
0 0.036328 0.513889 0.072656 0.108333
0 0.842578 0.118750 0.028906 0.043056
0 0.016797 0.375000 0.033594 0.072222
2 0.585547 0.076389 0.057031 0.052778
2 0.635156 0.234722 0.100000 0.105556
0 0.887109 0.096528 0.017969 0.023611
0 0.076953 0.161806 0.033594 0.054167
