0 0.936328 0.100694 0.016406 0.023611
0 0.104688 0.181250 0.037500 0.056944
0 0.693359 0.122222 0.052344 0.063889
0 0.758203 0.055556 0.022656 0.019444
1 0.018750 0.198611 0.037500 0.122222
2 0.312500 0.197222 0.109375 0.097222
0 0.899609 0.122917 0.022656 0.031944
2 0.677734 0.078472 0.047656 0.043056
2 0.559375 0.083333 0.064062 0.044444
0 0.845703 0.156250 0.030469 0.048611
2 0.265234 0.186806 0.067969 0.087500
0 0.019141 0.536806 0.038281 0.095833
0 0.583984 0.265972 0.092969 0.098611
0 0.079687 0.161806 0.034375 0.054167
0 0.801953 0.143750 0.032031 0.037500
