0 0.148828 0.168056 0.038281 0.044444
2 0.190234 0.141667 0.046094 0.061111
0 0.629297 0.087500 0.052344 0.047222
2 0.113281 0.247917 0.068750 0.115278
2 0.600391 0.073611 0.041406 0.038889
2 0.702734 0.095139 0.046094 0.048611
2 0.126953 0.079861 0.025781 0.040278
0 0.606641 0.386806 0.146094 0.126389
0 0.430078 0.068056 0.049219 0.033333
0 0.407031 0.113889 0.059375 0.038889
0 0.712891 0.070833 0.030469 0.036111
0 0.695703 0.043056 0.028906 0.027778
2 0.512891 0.159722 0.075781 0.075000
0 0.078125 0.124306 0.025000 0.037500
0 0.712891 0.207639 0.060156 0.081944
4 0.205469 0.068750 0.051562 0.062500
4 0.595703 0.221528 0.188281 0.195833
