0 0.314063 0.333333 0.110937 0.133333
1 0.077344 0.332639 0.125000 0.254167
0 0.146094 0.165972 0.037500 0.048611
0 0.666406 0.776389 0.250000 0.336111
0 0.075000 0.211806 0.042188 0.048611
0 0.057031 0.095833 0.018750 0.030556
0 0.754687 0.050694 0.025000 0.029167
0 0.094922 0.168750 0.036719 0.054167
2 0.455469 0.181250 0.104688 0.095833
0 0.037109 0.171528 0.027344 0.043056
0 0.010547 0.145833 0.021094 0.033333
2 0.557813 0.184028 0.106250 0.090278
2 0.558203 0.184028 0.105469 0.090278
2 0.490234 0.136111 0.075781 0.058333
