0 0.250391 0.070833 0.022656 0.027778
0 0.128125 0.086111 0.021875 0.025000
0 0.084766 0.231944 0.046094 0.066667
0 0.625391 0.593056 0.203906 0.233333
0 0.655078 0.084722 0.039844 0.041667
0 0.941406 0.600000 0.115625 0.136111
0 0.127734 0.184722 0.047656 0.075000
0 0.438672 0.114583 0.035156 0.045833
0 0.828516 0.289583 0.091406 0.081944
0 0.090625 0.078472 0.017188 0.029167
0 0.186328 0.103472 0.033594 0.037500
2 0.875391 0.241667 0.069531 0.091667
2 0.267305 0.406528 0.250234 0.293611
4 0.367969 0.134028 0.117188 0.120833
4 0.711328 0.234722 0.153906 0.175000
