0 0.080469 0.162500 0.034375 0.055556
0 0.548828 0.281944 0.100781 0.119444
0 0.009375 0.390972 0.018750 0.070833
0 0.737109 0.177778 0.050781 0.058333
0 0.814453 0.185417 0.042969 0.065278
0 0.106641 0.181944 0.036719 0.058333
0 0.698047 0.122222 0.049219 0.058333
0 0.184766 0.227083 0.086719 0.087500
0 0.901953 0.153472 0.027344 0.045833
0 0.402734 0.168750 0.083594 0.070833
0 0.926172 0.131250 0.019531 0.031944
0 0.880078 0.134028 0.024219 0.037500
1 0.529297 0.079861 0.133594 0.104167
1 0.019531 0.199306 0.039062 0.120833
0 0.694141 0.077778 0.036719 0.033333
0 0.203516 0.678472 0.203906 0.226389
