2 0.662109 0.106944 0.050781 0.055556
2 0.130078 0.056944 0.019531 0.025000
2 0.898047 0.090972 0.017969 0.026389
2 0.337500 0.151389 0.098437 0.086111
0 0.714453 0.092361 0.027344 0.040278
0 0.680078 0.043056 0.032031 0.030556
2 0.544922 0.079167 0.071094 0.077778
2 0.031641 0.347222 0.063281 0.133333
0 0.830859 0.055556 0.017969 0.019444
0 0.136719 0.250694 0.095312 0.104167
0 0.005859 0.190972 0.011719 0.048611
2 0.591016 0.474306 0.274219 0.348611
0 0.006250 0.548611 0.012500 0.097222
2 0.751953 0.104861 0.044531 0.048611
