0 0.612891 0.215972 0.089844 0.068056
2 0.598047 0.077778 0.036719 0.041667
2 0.700781 0.095833 0.048438 0.052778
0 0.487891 0.177083 0.089844 0.068056
0 0.110156 0.145139 0.031250 0.037500
0 0.461328 0.065278 0.050781 0.041667
0 0.173437 0.064583 0.025000 0.031944
2 0.721484 0.167361 0.078906 0.070833
0 0.209375 0.150000 0.048438 0.061111
0 0.061719 0.119444 0.025000 0.030556
0 0.848047 0.052778 0.016406 0.019444
0 0.040234 0.104861 0.019531 0.020833
0 0.842578 0.534722 0.160156 0.166667
0 0.660156 0.071250 0.040625 0.034167
