0 0.147266 0.166667 0.036719 0.047222
0 0.781641 0.070833 0.032031 0.050000
0 0.744922 0.663889 0.202344 0.263889
0 0.178906 0.335417 0.075000 0.106944
0 0.057031 0.204167 0.035937 0.055556
2 0.157812 0.072917 0.032813 0.037500
2 0.157812 0.072222 0.032813 0.038889
0 0.025000 0.156250 0.026562 0.045833
2 0.309766 0.087500 0.036719 0.033333
2 0.255078 0.118056 0.044531 0.050000
2 0.255078 0.118750 0.044531 0.048611
2 0.064844 0.136806 0.031250 0.065278
0 0.005859 0.193750 0.011719 0.037500
0 0.005859 0.137500 0.011719 0.027778
1 0.376563 0.018750 0.056250 0.034722
2 0.550781 0.177083 0.131250 0.098611
