0 0.151953 0.168056 0.038281 0.044444
0 0.162500 0.222222 0.051562 0.075000
2 0.151953 0.060417 0.024219 0.031944
2 0.598437 0.078472 0.037500 0.043056
2 0.280078 0.127778 0.050781 0.050000
0 0.475391 0.633333 0.189844 0.250000
2 0.701953 0.095139 0.047656 0.054167
0 0.189453 0.080556 0.027344 0.036111
0 0.615234 0.575694 0.196094 0.212500
0 0.711328 0.261111 0.096094 0.055556
2 0.736328 0.329861 0.133594 0.118056
0 0.491016 0.127083 0.092969 0.076389
2 0.192188 0.143056 0.045312 0.061111
4 0.343359 0.098611 0.075781 0.088889
4 0.071875 0.201389 0.057813 0.113889
2 0.289453 0.081250 0.039844 0.040278
