2 0.695703 0.125000 0.050781 0.058333
0 0.037109 0.362500 0.074219 0.119444
0 0.210156 0.213889 0.084375 0.086111
0 0.755078 0.082639 0.030469 0.037500
2 0.148438 0.064583 0.029687 0.034722
0 0.241016 0.072222 0.038281 0.036111
0 0.650391 0.066667 0.038281 0.036111
2 0.707812 0.065972 0.039062 0.040278
0 0.101172 0.177778 0.035156 0.052778
0 0.241016 0.072222 0.038281 0.036111
0 0.601562 0.329861 0.103125 0.115278
0 0.722266 0.090972 0.035156 0.037500
5 0.566406 0.100000 0.115625 0.080556
0 0.210156 0.519444 0.170313 0.163889
