2 0.598047 0.077778 0.036719 0.041667
2 0.701172 0.097222 0.050781 0.055556
0 0.878516 0.100694 0.017969 0.029167
0 0.613281 0.229167 0.101562 0.080556
0 0.568359 0.054861 0.047656 0.040278
0 0.232813 0.069444 0.032813 0.036111
0 0.776563 0.152778 0.050000 0.058333
0 0.166016 0.177083 0.042969 0.054167
0 0.804297 0.057639 0.022656 0.029167
2 0.904297 0.092361 0.017969 0.023611
0 0.732031 0.209722 0.071875 0.077778
0 0.377734 0.018056 0.060156 0.036111
0 0.083203 0.127083 0.027344 0.037500
0 0.844141 0.055556 0.025781 0.019444
0 0.641797 0.475000 0.178906 0.138889
0 0.298637 0.214493 0.088039 0.076153
