0 0.917578 0.104167 0.017969 0.025000
0 0.931641 0.100694 0.014844 0.023611
0 0.104688 0.181250 0.037500 0.059722
0 0.694141 0.122222 0.052344 0.063889
0 0.781250 0.052778 0.023438 0.019444
1 0.019141 0.199306 0.038281 0.123611
2 0.507812 0.122222 0.084375 0.075000
0 0.222266 0.248611 0.089844 0.083333
0 0.873047 0.142361 0.025781 0.040278
2 0.745313 0.067361 0.018750 0.029167
2 0.621484 0.072222 0.042969 0.044444
0 0.782422 0.204861 0.047656 0.065278
2 0.416797 0.129167 0.086719 0.072222
0 0.718359 0.187500 0.057031 0.061111
0 0.079687 0.161806 0.034375 0.054167
