0 0.102734 0.181250 0.038281 0.059722
0 0.685547 0.125000 0.053906 0.063889
0 0.703516 0.060417 0.033594 0.031944
1 0.017969 0.194444 0.035937 0.133333
0 0.930859 0.102778 0.013281 0.022222
2 0.456641 0.133333 0.092969 0.097222
2 0.382812 0.140278 0.098437 0.077778
0 0.904297 0.113889 0.017969 0.030556
0 0.033203 0.517361 0.066406 0.104167
0 0.810547 0.135417 0.033594 0.045833
0 0.168750 0.275000 0.096875 0.091667
2 0.623047 0.070139 0.052344 0.045833
0 0.077734 0.161111 0.033594 0.055556
0 0.874609 0.104167 0.019531 0.027778
