0 0.189844 0.270139 0.100000 0.095833
0 0.641016 0.229167 0.078906 0.077778
0 0.035156 0.322917 0.070312 0.106944
0 0.746484 0.236111 0.064844 0.083333
0 0.105859 0.181944 0.036719 0.058333
0 0.699609 0.119444 0.049219 0.058333
0 0.340234 0.157639 0.077344 0.076389
0 0.879297 0.177778 0.033594 0.055556
0 0.521484 0.125694 0.066406 0.054167
0 0.913672 0.142361 0.021094 0.037500
0 0.851953 0.154861 0.030469 0.048611
1 0.590234 0.063889 0.110156 0.086111
1 0.018750 0.200694 0.037500 0.123611
0 0.079687 0.161806 0.034375 0.054167
0 0.254688 0.473611 0.162500 0.183333
