0 0.923047 0.102778 0.017969 0.022222
0 0.104688 0.181250 0.037500 0.059722
0 0.694141 0.122222 0.052344 0.063889
0 0.778516 0.052778 0.024219 0.022222
1 0.019141 0.199306 0.038281 0.123611
2 0.480078 0.131944 0.082031 0.075000
0 0.177344 0.272917 0.093750 0.090278
0 0.876953 0.138194 0.025781 0.037500
2 0.613672 0.072917 0.047656 0.045833
0 0.796094 0.195139 0.042188 0.062500
2 0.397656 0.137500 0.092188 0.075000
0 0.012109 0.547222 0.024219 0.100000
0 0.290234 0.458333 0.157031 0.158333
0 0.079297 0.161806 0.033594 0.054167
0 0.735938 0.177778 0.053125 0.058333
