4 0.055859 0.186806 0.053906 0.104167
4 0.387891 0.109722 0.083594 0.100000
2 0.192969 0.145139 0.045312 0.062500
2 0.324219 0.086111 0.054688 0.044444
0 0.541016 0.142361 0.097656 0.087500
0 0.152344 0.169444 0.037500 0.047222
2 0.317969 0.138889 0.062500 0.061111
0 0.131641 0.198611 0.044531 0.066667
2 0.163672 0.061111 0.027344 0.033333
2 0.598047 0.078472 0.038281 0.043056
0 0.313281 0.473611 0.131250 0.177778
2 0.701953 0.095139 0.049219 0.056944
0 0.208984 0.086111 0.030469 0.033333
0 0.426172 0.432639 0.147656 0.156944
0 0.813672 0.315278 0.096094 0.055556
2 0.840234 0.392361 0.133594 0.129167
0 0.960938 0.579861 0.076563 0.112500
