0 0.105469 0.181944 0.034375 0.055556
0 0.687891 0.125694 0.052344 0.065278
0 0.711328 0.061806 0.024219 0.026389
1 0.018750 0.198611 0.037500 0.122222
2 0.515625 0.115278 0.079687 0.086111
0 0.894922 0.120139 0.022656 0.034722
2 0.035156 0.320139 0.070312 0.098611
0 0.032031 0.520833 0.064062 0.105556
0 0.787109 0.148611 0.039844 0.055556
0 0.259375 0.227778 0.090625 0.077778
2 0.641016 0.066667 0.046094 0.041667
2 0.207422 0.514583 0.207031 0.209722
0 0.079297 0.161806 0.033594 0.051389
0 0.864453 0.110417 0.021094 0.029167
