0 0.151562 0.170139 0.039062 0.048611
0 0.183984 0.238889 0.058594 0.083333
2 0.146094 0.059722 0.021875 0.030556
2 0.598828 0.077083 0.038281 0.043056
2 0.267188 0.124306 0.050000 0.048611
0 0.607422 0.758333 0.222656 0.302778
2 0.701562 0.095833 0.046875 0.052778
0 0.179688 0.079167 0.025000 0.033333
0 0.750781 0.679861 0.209375 0.243056
0 0.655859 0.233333 0.092969 0.055556
2 0.680469 0.299306 0.129688 0.112500
0 0.933984 0.564583 0.130469 0.134722
0 0.041797 0.188194 0.021094 0.054167
4 0.082422 0.208333 0.063281 0.125000
2 0.192578 0.143750 0.044531 0.059722
0 0.465234 0.119444 0.086719 0.075000
4 0.316797 0.094444 0.078906 0.083333
