0 0.158594 0.051389 0.015625 0.019444
0 0.099219 0.078472 0.021875 0.026389
0 0.147656 0.299306 0.065625 0.087500
0 0.647656 0.086806 0.042188 0.043056
0 0.928906 0.590278 0.140625 0.147222
0 0.219531 0.065972 0.025000 0.023611
0 0.207422 0.243056 0.072656 0.111111
0 0.637109 0.188194 0.086719 0.059722
0 0.141797 0.089583 0.024219 0.026389
4 0.255859 0.100694 0.072656 0.087500
4 0.494141 0.141667 0.116406 0.127778
2 0.681445 0.316250 0.247266 0.215833
2 0.043750 0.176389 0.037500 0.063889
2 0.583633 0.739722 0.543828 0.471111
