0 0.447656 0.217361 0.098437 0.070833
2 0.598047 0.079861 0.036719 0.040278
2 0.701172 0.095833 0.050781 0.058333
0 0.331250 0.173611 0.076563 0.061111
0 0.101172 0.140972 0.032031 0.037500
0 0.061719 0.073611 0.015625 0.025000
0 0.500781 0.061806 0.051562 0.043056
0 0.207813 0.067361 0.029687 0.031944
2 0.626953 0.170139 0.100781 0.073611
0 0.180859 0.138889 0.042969 0.052778
0 0.855859 0.051389 0.014844 0.019444
0 0.041016 0.105556 0.019531 0.025000
0 0.060195 0.118056 0.021953 0.033333
0 0.660156 0.066250 0.040625 0.032500
