0 0.926953 0.101389 0.021094 0.022222
0 0.104688 0.181250 0.037500 0.059722
0 0.694141 0.122222 0.052344 0.063889
0 0.773047 0.053472 0.021094 0.020833
1 0.019141 0.198611 0.038281 0.125000
2 0.463672 0.138194 0.086719 0.079167
0 0.148438 0.288889 0.093750 0.094444
0 0.880859 0.135417 0.025781 0.037500
0 0.803516 0.188889 0.042969 0.061111
2 0.384375 0.141667 0.093750 0.077778
0 0.012891 0.546528 0.025781 0.098611
0 0.335938 0.424306 0.151562 0.145833
0 0.079297 0.161806 0.033594 0.054167
0 0.746484 0.175000 0.050781 0.052778
